frame_id,index_x_coor,index_y_coor,index_z_coor,palm_x_coor,palm_y_coor,palm_z_coor,index_x_velocity,index_y_velocity,index_z_velocity,palm_velocity_x,palm_velocity_y,palm_velocity_z,confidence,hand_grab_angle,hand_grab_strength,armPosition_x,armPosition_y,armPosition_z,tip_rotation_x,tip_rotation_y,tip_rotation_z,tip_rotation_w,target
12490,-164.81564331054688,289.7875671386719,-142.14503479003906,-113.3153076171875,232.7646942138672,186.3955841064453,109.30031721363775,263.4845370426774,-21.27639064565301,109.26832580566406,52.840030670166016,10.086024284362793,0.7368190288543701,2.2791972160339355,0.0,-84.53700256347656,181.75416564941406,221.04598999023438,0.2421070784330368,0.1965058445930481,0.06267217546701431,0.9480726718902588,1
12492,-162.9141082763672,291.50933837890625,-141.3904571533203,-111.61090087890625,232.5499725341797,186.66200256347656,227.11224041995592,205.6419244618155,90.12393385637552,146.65084838867188,-65.4668960571289,25.385183334350586,0.7436735033988953,2.5139005184173584,0.0,-82.48880004882812,181.50961303710938,221.28131103515625,0.264769583940506,0.19656360149383545,0.04677895829081535,0.9429059028625488,1
12493,-160.88478088378906,291.530517578125,-139.702392578125,-110.57681274414062,231.50363159179688,186.89002990722656,242.32381831901148,2.5290273232385516,201.5733168174047,155.493408203125,-124.4983901977539,27.808977127075195,0.7376646399497986,2.5492467880249023,0.0,-81.36372375488281,180.81515502929688,222.43324279785156,0.26752421259880066,0.18821588158607483,0.03263842314481735,0.9444259405136108,1
12495,-158.61325073242188,291.4770812988281,-138.07667541503906,-109.05751037597656,229.15447998046875,185.98489379882812,271.10878381796647,-6.3776589904446155,194.03053164447192,133.6803436279297,-162.42601013183594,-48.42551040649414,0.7224444150924683,2.550342559814453,0.0,-79.70072937011719,179.73077392578125,223.59815979003906,0.2998664081096649,0.18742600083351135,0.01728413999080658,0.9352287650108337,1
12497,-157.5467529296875,290.29486083984375,-137.35406494140625,-107.0650634765625,227.0714111328125,185.2122344970703,127.31262190360576,-141.12695395667106,86.26125040045008,143.7589111328125,-76.4095458984375,-18.91191291809082,0.7104123830795288,2.534619092941284,0.0,-77.92549133300781,178.53370666503906,224.33726501464844,0.3035072386264801,0.20909957587718964,0.004685386549681425,0.92959064245224,1
12499,-156.3203887939453,288.9678649902344,-136.53916931152344,-105.8250732421875,226.4268035888672,185.1837921142578,149.39667977835052,-161.655717281159,99.27125061978586,109.60226440429688,-37.12204360961914,-0.871548593044281,0.7038795948028564,2.5372562408447266,0.0,-76.622802734375,178.17193603515625,224.7434844970703,0.29377686977386475,0.21729645133018494,-0.002112284302711487,0.9308452606201172,1
12500,-155.3008575439453,288.4358215332031,-135.84837341308594,-105.30596923828125,226.20370483398438,185.0185546875,62.023176093469374,-20.74541302025318,35.011526573682204,94.39543151855469,-26.472196578979492,-19.17508888244629,0.7026385068893433,2.539126396179199,0.0,-76.1268310546875,178.0386962890625,224.74887084960938,0.29407450556755066,0.2191263884305954,-0.0053552682511508465,0.9303091168403625,1
12502,-154.81068420410156,288.0460510253906,-135.47930908203125,-104.49700927734375,225.47642517089844,185.0747833251953,118.21745083504356,-89.3176652630791,91.52783107222058,76.67539978027344,-44.53532409667969,-0.5185671448707581,0.6911635994911194,2.5329325199127197,0.0,-75.32659912109375,177.59169006347656,225.29444885253906,0.2880893051624298,0.22156566381454468,-0.014711737632751465,0.9315024018287659,1
12504,-153.90283203125,287.2244873046875,-134.92221069335938,-103.68486022949219,224.5351104736328,184.70849609375,108.46645427693147,-98.15706390538253,66.55983067466877,72.85855102539062,-49.99415588378906,-20.93041229248047,0.682213544845581,2.5261359214782715,0.0,-74.62118530273438,176.83258056640625,225.3475341796875,0.2873401641845703,0.22536645829677582,-0.022263525053858757,0.930671751499176,1
12506,-153.36886596679688,287.0159912109375,-134.7798614501953,-103.23080444335938,223.67176818847656,184.41970825195312,63.76983178569935,-24.900010902434587,17.000307502108626,57.28080749511719,-54.561038970947266,-16.243125915527344,0.6741388440132141,2.521169900894165,0.0,-74.17564392089844,176.0457000732422,225.26177978515625,0.2906399667263031,0.2297859787940979,-0.03096891939640045,0.9283144474029541,1
12508,-152.85435485839844,286.5821838378906,-134.4169464111328,-102.80709838867188,223.1670684814453,184.06887817382812,61.4945347411558,-51.848798086866736,43.37572330981493,47.548622131347656,-24.484264373779297,-18.112756729125977,0.6749758124351501,2.521625280380249,0.0,-73.81356811523438,175.59230041503906,225.04150390625,0.28828567266464233,0.23344598710536957,-0.039166130125522614,0.9278256297111511,1
12510,-152.58860778808594,286.72955322265625,-133.69940185546875,-102.62245178222656,223.01693725585938,183.55245971679688,31.73773069586605,17.600080561591312,85.69515307608526,34.74386978149414,-9.742289543151855,-29.393409729003906,0.671096682548523,2.518017053604126,0.0,-73.78868103027344,175.5609893798828,224.74356079101562,0.28557637333869934,0.23704728484153748,-0.047560274600982666,0.9273579120635986,1
12511,-152.66253662109375,286.75494384765625,-133.3309783935547,-102.67488098144531,222.76950073242188,183.29705810546875,-8.828728878870606,3.0321991443634033,43.99786558933556,25.918439865112305,-29.376758575439453,-29.970212936401367,0.6673941612243652,2.5167362689971924,0.0,-73.8529052734375,175.37208557128906,224.58114624023438,0.28638601303100586,0.23854702711105347,-0.05048075318336487,0.9265689849853516,1
12513,-152.6819305419922,286.4039611816406,-132.93270874023438,-102.55624389648438,222.05230712890625,182.82937622070312,-2.3122869461076334,-41.846754000289366,47.484658993198536,40.298221588134766,-51.59736633300781,-14.437602043151855,0.6653233170509338,2.5181984901428223,0.0,-73.813720703125,174.7830352783203,224.33106994628906,0.28818070888519287,0.24289248883724213,-0.05461806431412697,0.9246469736099243,1
12515,-152.7942657470703,285.977783203125,-132.62318420410156,-102.57524108886719,221.54986572265625,182.54116821289062,-13.391306570498273,-50.80401962972246,36.89794264908414,30.603731155395508,-22.635007858276367,-10.668517112731934,0.6619182229042053,2.5154902935028076,0.0,-73.93379211425781,174.42002868652344,224.29551696777344,0.2865559756755829,0.24652904272079468,-0.058020010590553284,0.9239820241928101,1
12517,-152.79856872558594,285.94171142578125,-132.45375061035156,-102.53382873535156,221.4620819091797,182.4266357421875,-0.5126458599697798,-4.297499336767942,20.185885209590197,32.999732971191406,-6.390791416168213,-11.270536422729492,0.6633065938949585,2.5147294998168945,0.0,-74.00563049316406,174.40597534179688,224.34832763671875,0.28475436568260193,0.2498316466808319,-0.062437430024147034,0.9233638048171997,1
12519,-152.82049560546875,285.70855712890625,-132.47601318359375,-102.51214599609375,221.283447265625,182.52587890625,-2.6152203956153244,-27.808328215032816,-2.655258564511314,25.588024139404297,0.9576584100723267,13.122657775878906,0.6630330681800842,2.513983726501465,0.0,-73.93061828613281,174.17971801757812,224.37261962890625,0.2827739119529724,0.25082525610923767,-0.06226122006773949,0.9237148761749268,1
12520,-152.91653442382812,285.7592468261719,-132.51658630371094,-102.61466979980469,221.2913360595703,182.5567169189453,-11.445607452420518,6.041040349053219,-4.835378172225319,20.003856658935547,1.1970837116241455,4.2909698486328125,0.6637753844261169,2.5142152309417725,0.0,-74.00692749023438,174.16232299804688,224.34898376464844,0.2829369604587555,0.2509087026119232,-0.0620124451816082,0.9236590266227722,1
12522,-153.09442138671875,285.8322448730469,-132.67190551757812,-102.90852355957031,221.46815490722656,182.68470764160156,-21.224465337814763,8.709713688120246,-18.53180928749498,13.928104400634766,12.91483211517334,8.925292015075684,0.6692017316818237,2.515846014022827,0.0,-74.2257080078125,174.30116271972656,224.30638122558594,0.28173500299453735,0.25060203671455383,-0.06242242455482483,0.9240819215774536,1
12524,-153.4270477294922,286.0863037109375,-132.88893127441406,-103.19271850585938,221.66490173339844,182.7458038330078,-39.70762241410557,30.32854319899343,-25.907679875032045,17.430156707763672,14.596981048583984,1.7206542491912842,0.6679600477218628,2.5157053470611572,0.0,-74.40431213378906,174.45863342285156,224.1903839111328,0.2821768820285797,0.25111067295074463,-0.06236409395933151,0.9238129258155823,1
12526,-153.91229248046875,286.4747009277344,-132.57518005371094,-103.72987365722656,222.1653594970703,182.46450805664062,-58.00123044941574,46.42505958490074,37.50263515301049,-3.2098121643066406,30.53744888305664,-14.409870147705078,0.6714606285095215,2.5137939453125,0.0,-74.78305053710938,175.0099639892578,223.79127502441406,0.2826906442642212,0.24833352863788605,-0.05909242108464241,0.9246212840080261,1
12528,-154.3727264404297,286.9749450683594,-132.3626708984375,-104.02015686035156,222.51353454589844,182.14675903320312,-54.92836418270599,59.677597062662244,25.351692724856548,22.715084075927734,28.68352699279785,-19.47144889831543,0.6698966026306152,2.512317419052124,0.0,-74.89308166503906,175.4013214111328,223.345947265625,0.28641757369041443,0.24752213060855865,-0.05666843429207802,0.9238433241844177,1
12530,-154.7802734375,287.3974914550781,-132.3341522216797,-104.196044921875,223.1685791015625,182.22573852539062,-48.70174177642912,50.494164261966944,3.407973169349134,15.744733810424805,44.044395446777344,13.727029800415039,0.6693390607833862,2.509782552719116,0.0,-74.85163879394531,176.03179931640625,223.22802734375,0.2831685543060303,0.2480381280183792,-0.05410100892186165,0.9248598217964172,1
12531,-155.24832153320312,288.3612976074219,-132.39271545410156,-104.29092407226562,223.6781463623047,182.2230224609375,-27.154546114616096,59.69990749144927,4.978940938599408,20.93088150024414,60.771270751953125,0.30023863911628723,0.6691054701805115,2.508395195007324,0.0,-74.89474487304688,176.5552215576172,223.19400024414062,0.2820563018321991,0.24944543838500977,-0.054291993379592896,0.9248100519180298,1
12533,-155.27403259277344,288.76434326171875,-132.4042205810547,-104.32272338867188,224.5624237060547,182.19989013671875,-31.818202725844458,103.5517657874152,-13.347644009627402,31.52557373046875,50.8193244934082,-6.837835311889648,0.6687878370285034,2.5069615840911865,0.0,-74.8485107421875,177.4980010986328,223.1437530517578,0.2820388972759247,0.2512739896774292,-0.05439518019556999,0.9243140816688538,1
12535,-155.38961791992188,289.6982727050781,-132.7567901611328,-104.32295227050781,225.422607421875,182.0967559814453,-13.79171880253125,111.4370879244525,-42.06883889785968,26.86899185180664,54.514591217041016,-16.64083480834961,0.6714171171188354,2.5051767826080322,0.0,-74.80255126953125,178.46572875976562,223.0298309326172,0.2856455445289612,0.25247180461883545,-0.055284347385168076,0.9228262305259705,1
12537,-155.62109375,290.59539794921875,-132.6337127685547,-104.36103820800781,226.26348876953125,181.53964233398438,-27.645140796666965,107.14359973627143,14.69912364310585,29.37237548828125,48.71759796142578,-28.96407699584961,0.6764703989028931,2.506772041320801,0.0,-74.8228759765625,179.47413635253906,222.54202270507812,0.2891315519809723,0.25372961163520813,-0.05540987104177475,0.9213869571685791,1
12539,-155.76458740234375,291.4623107910156,-132.84190368652344,-104.21180725097656,227.28076171875,181.3883819580078,-17.13038896303624,103.49276037281379,-24.8540011709556,43.312156677246094,62.275028228759766,-5.546756744384766,0.6838129162788391,2.508505344390869,0.0,-74.65615844726562,180.66477966308594,222.49855041503906,0.29075315594673157,0.2566484808921814,-0.054727017879486084,0.9201081991195679,1
12541,-155.9807586669922,292.33984375,-133.15061950683594,-104.17788696289062,228.36167907714844,181.6444091796875,-25.79335732117761,104.70642899279483,-36.835688947699964,37.03868865966797,61.83359909057617,20.19179916381836,0.6903423070907593,2.5085928440093994,0.0,-74.56611633300781,181.81039428710938,222.65118408203125,0.29081296920776367,0.2561505436897278,-0.05227463319897652,0.9203706383705139,1
12542,-156.10482788085938,292.7252502441406,-133.3677978515625,-104.25263977050781,229.0199432373047,181.89418029785156,-14.812466236762702,46.01319299079478,-25.92864739242941,23.211063385009766,79.38029479980469,30.642745971679688,0.693261981010437,2.5093986988067627,0.0,-74.55308532714844,182.42112731933594,222.70175170898438,0.2900114953517914,0.25455912947654724,-0.048760008066892624,0.9212575554847717,1
12544,-156.72259521484375,294.0306396484375,-133.25453186035156,-104.61297607421875,230.36895751953125,181.8218231201172,-73.75739084230736,155.85498163709417,13.523220674367622,11.013923645019531,77.59382629394531,-26.656471252441406,0.693341851234436,2.5078468322753906,0.0,-74.76441955566406,183.7711944580078,222.3936309814453,0.2907029986381531,0.2522161602973938,-0.044509682804346085,0.9218989610671997,1
12546,-156.93218994140625,294.69000244140625,-132.5883026123047,-104.64509582519531,231.23020935058594,181.2178497314453,-25.017605672590435,78.70273560890928,79.5223281069193,27.546585083007812,43.723236083984375,-37.2809944152832,0.6908983588218689,2.502669334411621,0.0,-74.76705932617188,184.79739379882812,221.8285369873047,0.28980180621147156,0.2526482343673706,-0.04512438923120499,0.922034502029419,1
12548,-157.416259765625,295.04205322265625,-132.11358642578125,-105.12373352050781,231.48504638671875,180.62911987304688,-57.767960373312235,42.013062089681625,56.65171526838094,1.9451255798339844,8.195174217224121,-36.222415924072266,0.6878457069396973,2.497825860977173,0.0,-75.14419555664062,185.2046356201172,221.2191162109375,0.29260239005088806,0.2510503828525543,-0.043503038585186005,0.921664297580719,1
12550,-157.60690307617188,294.4523620605469,-131.77896118164062,-105.48616027832031,231.02145385742188,180.30889892578125,-22.787868121638894,-70.48662969656289,39.998234985396266,7.575719833374023,-29.411556243896484,-10.694689750671387,0.683592677116394,2.4931528568267822,0.0,-75.30622863769531,184.91091918945312,220.86517333984375,0.29366856813430786,0.24783194065093994,-0.04233795404434204,0.9222502708435059,1
12552,-157.81712341308594,293.4893798828125,-131.59988403320312,-105.64218139648438,230.31661987304688,180.14561462402344,-25.100602053571492,-114.98141798656434,21.382061820477247,33.449459075927734,-54.120384216308594,-8.64780044555664,0.6805102825164795,2.492056369781494,0.0,-75.42971801757812,184.26739501953125,220.6807403564453,0.2922784090042114,0.24776509404182434,-0.04034636169672012,0.9227989912033081,1
12553,-157.80917358398438,290.6700744628906,-130.94113159179688,-105.73704528808594,229.67333984375,180.0558319091797,-4.240812758915126,-119.02329211425968,26.069704206543975,20.804962158203125,-77.0107192993164,-10.16187858581543,0.6811726689338684,2.4934191703796387,0.0,-75.50003051757812,183.67236328125,220.57298278808594,0.2905743718147278,0.24596506357192993,-0.03839073330163956,0.9239014387130737,1
12555,-157.8386688232422,288.5425720214844,-130.35134887695312,-105.93598937988281,227.0684356689453,180.00555419921875,1.669543957337737,-471.80291552469134,123.05231571150944,24.9368896484375,-164.3986053466797,3.5887269973754883,0.6789317727088928,2.5031416416168213,0.0,-75.69253540039062,181.20394897460938,220.56024169921875,0.2799569368362427,0.240727037191391,-0.031798698008060455,0.9287967681884766,1
12557,-157.9177703857422,282.8764343261719,-129.12867736816406,-106.05416870117188,223.40768432617188,180.51953125,-9.445589080452919,-676.5986239928752,146.00031007477082,11.19635009765625,-234.06112670898438,41.0786018371582,0.6749967336654663,2.51943039894104,0.0,-75.87687683105469,177.71058654785156,221.2339630126953,0.25733935832977295,0.23769116401672363,-0.029816284775733948,0.9361572265625,1
12559,-157.81185913085938,276.2423095703125,-128.14122009277344,-106.28150939941406,217.9080352783203,180.59275817871094,12.621504653361626,-790.5924310849514,117.67584672779776,22.035541534423828,-362.1541442871094,11.26573657989502,0.6591564416885376,2.5284788608551025,0.0,-76.13995361328125,172.66168212890625,221.72598266601562,0.24489477276802063,0.23836810886859894,-0.035101182758808136,0.9391353130340576,1
12561,-157.7636260986328,267.8701171875,-127.21755981445312,-106.49143981933594,211.01138305664062,181.31307983398438,5.753061966388486,-998.6048844410107,110.17086365434807,-1.5432090759277344,-413.7638854980469,10.004100799560547,0.6502201557159424,2.5250868797302246,0.0,-76.14024353027344,166.2093963623047,222.7479248046875,0.2264859527349472,0.23749807476997375,-0.04332112520933151,0.9436217546463013,1
12563,-157.75657653808594,258.0884094238281,-126.74543762207031,-106.58378601074219,203.368408203125,182.11203002929688,0.8408461336512119,-1166.7267908260692,56.31303078203928,26.822696685791016,-473.3277282714844,70.32364654541016,0.6443607211112976,2.530961036682129,0.0,-76.22554016113281,159.15725708007812,224.0362548828125,0.20497095584869385,0.23961742222309113,-0.04921400174498558,0.9477068781852722,1
12564,-157.4962158203125,253.459228515625,-126.53919219970703,-106.87771606445312,199.38035583496094,182.39845275878906,31.00968016439583,-551.3482241642196,24.564399105787743,-2.4514541625976562,-469.8635559082031,34.38667678833008,0.644352912902832,2.536365509033203,0.0,-76.39976501464844,155.48374938964844,224.41493225097656,0.20299284160137177,0.23476314544677734,-0.05020427703857422,0.9492943286895752,1
12566,-157.6138916015625,243.88211059570312,-126.58390808105469,-106.89472961425781,190.84616088867188,182.89779663085938,-14.031107760965824,-1141.930583731737,-5.331711785984226,44.51695251464844,-504.9580993652344,10.185352325439453,0.6390789151191711,2.529801607131958,0.0,-76.45637512207031,148.117431640625,225.71392822265625,0.19208155572414398,0.23982417583465576,-0.05912250280380249,0.9497860670089722,1
12568,-158.16490173339844,234.4501495361328,-127.24908447265625,-107.28208923339844,183.7701416015625,183.78977966308594,-65.8079683764372,-1126.4732883728575,-79.44301640591584,3.6037139892578125,-402.4754333496094,58.11992645263672,0.6409788727760315,2.532149076461792,0.0,-76.67875671386719,141.9993438720703,227.10751342773438,0.17395643889904022,0.24415309727191925,-0.060529615730047226,0.9520843625068665,1
12570,-158.1194305419922,226.70277404785156,-126.87503814697266,-107.52687072753906,177.804931640625,184.4815216064453,5.429468126967549,-925.072050685063,44.66284125181846,29.904766082763672,-353.6221923828125,31.637283325195312,0.632936954498291,2.5329654216766357,0.0,-76.87213134765625,137.2246551513672,228.64669799804688,0.16254554688930511,0.24379482865333557,-0.062405265867710114,0.9540694952011108,1
12572,-157.83688354492188,221.05123901367188,-126.64221954345703,-107.36038208007812,173.2323455810547,184.849365234375,33.729795790161006,-674.6669565784978,27.793337158625945,47.574058532714844,-250.09945678710938,22.43651008605957,0.6255412697792053,2.525059223175049,0.0,-76.75904846191406,133.62818908691406,229.78594970703125,0.1539694219827652,0.2452186942100525,-0.06715412437915802,0.9548044204711914,1
12574,-157.72604370117188,218.174560546875,-126.24553680419922,-106.93489074707031,170.6908721923828,184.61752319335938,13.228465422987938,-343.3245694292709,47.34311888786033,87.41634368896484,-114.90876007080078,-18.302165985107422,0.6324418187141418,2.5195441246032715,0.0,-76.2218017578125,131.6716766357422,229.92779541015625,0.1534670740365982,0.2484048753976822,-0.06925154477357864,0.9539114832878113,1
12575,-157.1275634765625,217.96461486816406,-125.3092269897461,-106.35743713378906,170.27520751953125,184.12728881835938,28.66185673745349,-36.7975967458915,60.898701581638306,101.13088989257812,-49.36125946044922,-57.89845275878906,0.638961911201477,2.516695261001587,0.0,-75.66354370117188,131.2984161376953,229.498779296875,0.1541978418827057,0.24986477196216583,-0.0706259235739708,0.9533113837242126,1
12577,-157.67906188964844,219.87631225585938,-125.24375915527344,-105.63766479492188,171.24594116210938,183.21644592285156,-23.04820323572494,239.9756840101909,58.71908263291698,74.65071105957031,101.13919830322266,-67.67720794677734,0.6458264589309692,2.5087993144989014,0.0,-74.927490234375,132.25363159179688,228.63648986816406,0.16254116594791412,0.2561042904853821,-0.0708087757229805,0.950251042842865,1
12579,-157.1111297607422,223.5157928466797,-124.2071533203125,-105.06025695800781,175.0464324951172,182.6774444580078,67.77232990134507,434.305556450272,123.69997936184518,41.654056549072266,268.1409606933594,-46.877559661865234,0.6552994847297668,2.491502046585083,0.0,-74.43829345703125,135.88063049316406,228.14247131347656,0.15494251251220703,0.25461721420288086,-0.07443748414516449,0.9516417384147644,1
12581,-156.96826171875,230.7532501220703,-123.23038482666016,-104.881591796875,180.47242736816406,181.39065551757812,17.048692231765017,863.6583794956096,116.55948522675317,45.276397705078125,334.9427185058594,-94.9727783203125,0.6611628532409668,2.4760520458221436,0.0,-74.14935302734375,140.7779083251953,226.65016174316406,0.1789790838956833,0.2505730390548706,-0.065896175801754,0.9491245150566101,1
12583,-156.12059020996094,237.634033203125,-121.914794921875,-104.41261291503906,186.8528594970703,179.87632751464844,101.2722798056202,822.0549850281095,157.17502306663664,66.35578918457031,392.40960693359375,-90.34405517578125,0.6741551756858826,2.486649751663208,0.0,-73.7838134765625,146.7308349609375,224.98831176757812,0.18179525434970856,0.24529530107975006,-0.05829797312617302,0.950464129447937,1
12585,-155.30845642089844,245.21029663085938,-119.96436309814453,-104.11459350585938,194.2477569580078,178.57257080078125,96.98020743764937,904.7125100805424,232.90901746216696,47.40176010131836,456.959716796875,-72.38752746582031,0.6697282791137695,2.4949004650115967,0.0,-73.54695129394531,153.41738891601562,223.29270935058594,0.18326805531978607,0.23507608473300934,-0.046538274735212326,0.9534077048301697,1
12587,-155.01547241210938,254.4635467529297,-118.260986328125,-104.04429626464844,201.58653259277344,176.42320251464844,34.992450492223725,1105.1589406772982,203.44225454784464,40.94289016723633,441.03607177734375,-145.96932983398438,0.6673266291618347,2.5017871856689453,0.0,-73.56781005859375,160.70498657226562,221.17953491210938,0.20894528925418854,0.2331838756799698,-0.04019448906183243,0.9488685727119446,1
12588,-155.25558471679688,258.4593200683594,-117.7311782836914,-103.95405578613281,205.133056640625,175.34153747558594,-28.690679870545864,477.4493051385507,63.30601430637762,42.95744323730469,423.1678161621094,-128.36312866210938,0.6718071699142456,2.4990789890289307,0.0,-73.56022644042969,164.1685028076172,220.06646728515625,0.21244224905967712,0.23627737164497375,-0.03683128207921982,0.947462260723114,1
12590,-156.47897338867188,268.3907165527344,-116.4403305053711,-104.33390808105469,212.3810272216797,172.8697509765625,-146.11503102257848,1186.1531325019896,154.1719876199495,-2.7387619018554688,429.5887451171875,-154.51025390625,0.6650716662406921,2.4856953620910645,0.0,-74.065673828125,171.2286834716797,217.53932189941406,0.23797208070755005,0.2387220412492752,-0.027506349608302116,0.9410762190818787,1
12592,-156.74720764160156,275.6890563964844,-116.5743179321289,-104.56893920898438,218.85153198242188,171.20721435546875,-32.009709770209156,870.9467103891075,-15.98937718255911,35.426265716552734,362.1550598144531,-78.54007720947266,0.6761535406112671,2.4902424812316895,0.0,-74.14321899414062,177.30328369140625,215.45291137695312,0.25452864170074463,0.2363361418247223,-0.016033880412578583,0.937605082988739,1
12594,-156.5521697998047,282.1646728515625,-115.08573150634766,-104.19767761230469,225.19302368164062,169.65444946289062,23.28501129336655,773.1053671371192,177.71808494254947,36.111236572265625,391.8446044921875,-121.82582092285156,0.6864145398139954,2.5027902126312256,0.0,-73.68916320800781,183.1606903076172,213.32577514648438,0.26062509417533875,0.231252983212471,-0.004202588927000761,0.9373254179954529,1
12596,-155.70718383789062,287.0516357421875,-113.44837188720703,-104.37565612792969,230.09640502929688,167.7615509033203,100.8470167578198,583.2471197620034,195.41488307807595,27.86981201171875,241.1804962158203,-123.66371154785156,0.6907180547714233,2.5067849159240723,0.0,-73.60041809082031,187.81134033203125,210.76901245117188,0.2678454518318176,0.21700286865234375,0.0034979430492967367,0.9386993050575256,1
12598,-154.96641540527344,291.3091735839844,-112.15802764892578,-104.44184875488281,233.34190368652344,166.05752563476562,88.32809034828097,507.66227419115603,153.8586654625833,26.062437057495117,199.1422882080078,-73.93731689453125,0.6815371513366699,2.5043997764587402,0.0,-73.25389099121094,190.95828247070312,208.6316680908203,0.28632304072380066,0.20338302850723267,0.014859631657600403,0.9361803531646729,1
12599,-154.47308349609375,292.4910888671875,-111.55420684814453,-104.05224609375,234.74591064453125,165.52505493164062,58.93188625120092,141.18790155719034,72.13054352579638,79.46807861328125,170.60586547851562,-63.98298645019531,0.6791327595710754,2.504690408706665,0.0,-72.74760437011719,192.22596740722656,207.78475952148438,0.2841339111328125,0.20179058611392975,0.017241431400179863,0.9371505975723267,1
12601,-153.09591674804688,294.2976379394531,-110.5657958984375,-103.01518249511719,236.27523803710938,163.97315979003906,164.42255343892612,215.6873245711904,118.00826038554078,83.72160339355469,80.92302703857422,-115.46610260009766,0.6747455596923828,2.5000007152557373,0.0,-71.63461303710938,193.8610382080078,206.22103881835938,0.29154282808303833,0.20099365711212158,0.013212472200393677,0.9351094961166382,1
12603,-152.64036560058594,295.7060241699219,-109.47733306884766,-102.89068603515625,237.87020874023438,163.08921813964844,54.38550898514222,168.13875328516588,129.94502445793478,40.196781158447266,75.72660827636719,-51.57227325439453,0.6809530258178711,2.4977540969848633,0.0,-71.3802490234375,195.42648315429688,205.12542724609375,0.2900974154472351,0.19477729499340057,0.018232077360153198,0.9367886185646057,1
12605,-151.7133331298828,294.7701416015625,-108.94246673583984,-102.16659545898438,236.93170166015625,162.1215057373047,110.46767512033693,-111.52227648929693,63.736106527852826,78.24578094482422,-82.36018371582031,-58.456703186035156,0.6785053014755249,2.5052530765533447,0.0,-70.66899108886719,194.7574005126953,204.28517150878906,0.2945424020290375,0.19350145757198334,0.01724056713283062,0.935684084892273,1
12607,-150.63941955566406,291.7301025390625,-109.01268768310547,-101.23451232910156,234.5093994140625,162.09713745117188,127.98398121725768,-362.2975922971964,-8.368603034410626,96.9288330078125,-162.29859924316406,-2.700807809829712,0.6806999444961548,2.5090177059173584,0.0,-69.73439025878906,192.60472106933594,204.4198455810547,0.29038330912590027,0.19296367466449738,0.017842605710029602,0.937082827091217,1
12608,-150.2551727294922,289.72784423828125,-108.93701934814453,-100.65586853027344,232.97012329101562,162.1200408935547,45.80971946474165,-238.70825939811766,9.021142038982362,102.64418029785156,-187.13723754882812,3.41064453125,0.6814225316047668,2.5126283168792725,0.0,-69.23558044433594,191.21241760253906,204.6446075439453,0.2861173748970032,0.19539931416511536,0.01941375434398651,0.9378587603569031,1
12610,-149.57618713378906,284.2304992675781,-109.00077819824219,-99.7318115234375,228.8526153564453,163.1002655029297,80.92903558514081,-655.2345581015106,-7.599487059924286,82.30169677734375,-294.68853759765625,38.978267669677734,0.6762393712997437,2.5129740238189697,0.0,-68.48291015625,187.37493896484375,205.99974060058594,0.27019965648651123,0.1986873596906662,0.02069227397441864,0.9418531060218811,1
12612,-148.64634704589844,277.72564697265625,-108.96601104736328,-98.51539611816406,223.0101318359375,163.90505981445312,110.86536176525988,-775.5772334381472,4.145307144674007,103.73902893066406,-327.76092529296875,89.06294250488281,0.664613664150238,2.5109264850616455,0.0,-67.33358764648438,181.7867889404297,207.13140869140625,0.2596733570098877,0.2012639045715332,0.020142167806625366,0.9442758560180664,1
12614,-147.9221954345703,270.4713439941406,-108.50288391113281,-97.46604919433594,216.83233642578125,164.83506774902344,86.53244906105101,-866.8524562288076,55.34134661545977,85.54564666748047,-355.3894958496094,81.66707611083984,0.6599734425544739,2.5160183906555176,0.0,-66.31805419921875,175.81338500976562,208.27996826171875,0.2448173314332962,0.19955196976661682,0.020211629569530487,0.9485962986946106,1
12615,-147.22483825683594,266.6004943847656,-108.57836151123047,-96.85406494140625,213.48675537109375,165.53904724121094,83.38822217448615,-462.8664872702211,-9.02542210376123,105.26119995117188,-399.1666259765625,84.6689682006836,0.654504656791687,2.5180914402008057,0.0,-65.65414428710938,172.58807373046875,209.0514678955078,0.23896248638629913,0.1976080685853958,0.018940722569823265,0.9505205154418945,1
12618,-144.7974853515625,255.2852020263672,-110.0542221069336,-94.7191162109375,203.8115997314453,168.342041015625,289.74860427656677,-1350.6854156659683,-176.17073594150133,99.28048706054688,-367.7291259765625,130.6179656982422,0.6385153532028198,2.519947052001953,0.0,-63.61301803588867,163.44265747070312,212.4067840576172,0.21705412864685059,0.2007656693458557,0.009998306632041931,0.9552385210990906,1
12620,-142.91848754882812,248.87271118164062,-111.01372528076172,-93.59115600585938,197.96408081054688,169.80941772460938,224.45323457592167,-765.9957396931713,-114.61620159330778,110.29234313964844,-362.69635009765625,84.5427017211914,0.6259186863899231,2.513335704803467,0.0,-62.472904205322266,158.12875366210938,214.26705932617188,0.21276937425136566,0.19988298416137695,0.0035977959632873535,0.9564324617385864,1
12621,-141.96583557128906,245.70938110351562,-111.41946411132812,-92.83494567871094,195.15174865722656,170.5642547607422,113.72836815495975,-377.6409184075892,-48.437431701575406,122.2012939453125,-334.4617614746094,90.4590835571289,0.6161258220672607,2.504422903060913,0.0,-61.72335433959961,155.6742401123047,215.32553100585938,0.20729246735572815,0.20138618350028992,-0.0023809000849723816,0.9573232531547546,1
12623,-139.93902587890625,241.33065795898438,-112.63360595703125,-91.23489379882812,191.4535369873047,171.99856567382812,242.01354380778503,-522.8464761856012,-144.97600434231572,151.386474609375,-225.4654541015625,77.07012939453125,0.6123128533363342,2.4934940338134766,0.0,-60.154109954833984,152.33697509765625,217.01980590820312,0.19989319145679474,0.202432781457901,-0.007647983264178038,0.958647608757019,1
12625,-137.6106719970703,237.9807891845703,-112.90569305419922,-89.53054809570312,188.810302734375,173.03338623046875,278.5519465979887,-400.7605867992388,-32.551061568257865,152.2476348876953,-132.45989990234375,66.64775085449219,0.6012908816337585,2.4820399284362793,0.0,-58.63486099243164,150.0765838623047,218.46664428710938,0.19367624819278717,0.19802390038967133,-0.010837703943252563,0.9608114361763,1
12627,-135.5431365966797,237.21127319335938,-112.95182037353516,-87.74412536621094,187.91322326660156,173.6100311279297,246.9092065282166,-91.8971364479512,-5.508616594597697,158.63272094726562,-28.45344352722168,28.56357192993164,0.5926271677017212,2.4648635387420654,0.0,-57.1149787902832,149.42401123046875,219.43287658691406,0.19620347023010254,0.19450879096984863,-0.00978589802980423,0.961027979850769,1
12629,-133.9297637939453,239.33328247070312,-112.8154296875,-86.09046936035156,188.9757080078125,173.32933044433594,192.59554131049663,253.3137565869838,16.281567386118695,122.8558349609375,95.93080139160156,-21.750307083129883,0.5806484818458557,2.4519479274749756,0.0,-55.682743072509766,150.4902801513672,219.30709838867188,0.20692577958106995,0.19430141150951385,-0.008198441006243229,0.9588333964347839,1
12630,-133.24411010742188,241.29811096191406,-112.40503692626953,-85.32630920410156,190.29266357421875,172.85179138183594,81.89517373160925,234.6811135172611,49.01772883272497,123.60337829589844,157.79063415527344,-56.49816131591797,0.5782114863395691,2.4486939907073975,0.0,-55.036746978759766,151.68251037597656,218.80201721191406,0.2143103927373886,0.19219861924648285,-0.0015559493331238627,0.9576681852340698,1
12632,-131.07765197753906,245.1945343017578,-111.28719329833984,-82.82107543945312,193.22598266601562,171.55088806152344,258.57522069406696,465.0533103412017,133.41899333591573,197.4345245361328,200.5877685546875,-62.74513244628906,0.5776493549346924,2.444202184677124,0.0,-53.10593795776367,154.63893127441406,217.826416015625,0.21763569116592407,0.19730618596076965,-0.0018653570441529155,0.9558773636817932,1
12634,-129.22702026367188,250.0584716796875,-109.33140563964844,-80.7945556640625,197.77072143554688,169.68679809570312,221.00613511167467,580.8611152973026,233.56406804639846,146.74937438964844,278.6670837402344,-110.87358093261719,0.6012774109840393,2.4787230491638184,0.0,-51.613224029541016,158.96034240722656,216.06178283691406,0.21967728435993195,0.1972905844449997,-0.000818990112747997,0.955414891242981,1
12636,-127.902099609375,256.84271240234375,-108.31558990478516,-79.19479370117188,203.39727783203125,167.67262268066406,158.14073082059622,809.7577635794878,121.24638722278178,118.08592224121094,376.1247253417969,-112.30770874023438,0.633930504322052,2.505276918411255,0.0,-50.4980354309082,164.32350158691406,214.07313537597656,0.23018085956573486,0.20251810550689697,-0.003110244870185852,0.9518369436264038,1
12637,-127.31260681152344,260.6821594238281,-107.47193908691406,-78.54847717285156,206.7235107421875,166.6679229736328,70.38159562344663,458.4049350027926,100.72640569519717,109.51773071289062,398.1818542480469,-119.57288360595703,0.6454359292984009,2.5105998516082764,0.0,-49.98722457885742,167.34283447265625,212.9386444091797,0.23523858189582825,0.20140565931797028,-0.0004189535684417933,0.9508408904075623,1
12640,-124.72344970703125,271.3822937011719,-103.94602966308594,-76.61517333984375,215.9250030517578,162.36172485351562,309.2474493541522,1278.0179415433668,421.13261264865287,112.22239685058594,335.0186462402344,-212.41635131835938,0.673971951007843,2.5068206787109375,0.0,-48.35185623168945,176.0946502685547,208.27890014648438,0.25856533646583557,0.19120630621910095,0.00506235659122467,0.9468677043914795,1
12641,-122.92500305175781,279.11737060546875,-102.06478118896484,-76.17547607421875,219.13429260253906,161.26255798339844,92.45426728855819,530.1124704573303,89.53902621427551,84.76130676269531,383.9159240722656,-130.77972412109375,0.6826543211936951,2.5050339698791504,0.0,-47.8463249206543,178.87245178222656,206.7612762451172,0.2733445167541504,0.18283797800540924,0.013615830801427364,0.9442815184593201,1
12643,-121.73847961425781,282.2712097167969,-100.7603759765625,-74.80900573730469,225.2646942138672,158.848388671875,264.02281441912055,770.4952609299216,290.89456124574644,107.98396301269531,354.2470703125,-162.44874572753906,0.6983160376548767,2.509340763092041,0.0,-46.80539321899414,184.716552734375,204.1156005859375,0.278184711933136,0.17127668857574463,0.017283141613006592,0.9449755549430847,1
12645,-119.87503051757812,287.5336608886719,-98.43486022949219,-73.52677917480469,230.5017852783203,156.24034118652344,222.4394119771896,628.1773654650897,277.59618239302654,110.86119079589844,284.7666015625,-147.4701385498047,0.7076466679573059,2.513685703277588,0.0,-45.69306564331055,189.56431579589844,201.1440887451172,0.28398817777633667,0.16423135995864868,0.02520737051963806,0.9443216323852539,1
12647,-117.87724304199219,291.9447021484375,-96.8626480102539,-72.19288635253906,234.45274353027344,154.00411987304688,238.3394203960197,526.2446731913369,187.56757345417282,113.15251159667969,214.0964813232422,-128.18252563476562,0.7129840850830078,2.510420322418213,0.0,-44.52494430541992,193.12149047851562,198.5250244140625,0.2938358783721924,0.15683406591415405,0.030666187405586243,0.9424028396606445,1
12649,-116.49014282226562,296.2936706542969,-95.25557708740234,-71.25209045410156,237.95294189453125,151.83677673339844,165.6898578046821,519.4865973526612,191.9654750986956,92.41770935058594,184.002197265625,-128.31964111328125,0.7131778001785278,2.50815749168396,0.0,-43.71095657348633,196.40907287597656,196.14508056640625,0.30645278096199036,0.14987240731716156,0.03613908216357231,0.9393182992935181,1
12651,-115.3424072265625,299.1562805175781,-94.09827423095703,-70.46389770507812,240.54864501953125,150.27880859375,136.81072748824954,341.22470312565565,137.95115034095943,83.95205688476562,132.08091735839844,-96.09198760986328,0.7155658006668091,2.5079407691955566,0.0,-42.9904899597168,198.73526000976562,194.29888916015625,0.31310126185417175,0.14440742135047913,0.043130770325660706,0.9376853704452515,1
12652,-114.7960205078125,300.3636779785156,-93.60205078125,-70.19638061523438,241.6561279296875,149.49452209472656,65.12443045154214,143.91102359164506,59.14541556354379,64.12569427490234,132.43310546875,-92.97765350341797,0.7182482481002808,2.5103280544281006,0.0,-42.735965728759766,199.76287841796875,193.39871215820312,0.31648948788642883,0.1413452923297882,0.044047702103853226,0.9369715452194214,1
12654,-113.48403930664062,300.8472595214844,-93.4566421508789,-69.42640686035156,242.24447631835938,149.0345001220703,156.54025138518773,57.69897940149531,17.34956532268552,80.33511352539062,18.570758819580078,-14.154388427734375,0.7251988053321838,2.5114047527313232,0.0,-42.00912857055664,200.1499481201172,192.64303588867188,0.3162596523761749,0.13711048662662506,0.044643860310316086,0.9376499652862549,1
12656,-112.90936279296875,300.4416809082031,-93.36732482910156,-68.8282470703125,241.82388305664062,148.89405822753906,68.52172983577475,-48.35928997490555,10.649778174120001,53.417335510253906,-28.12229347229004,-7.835484504699707,0.727387011051178,2.515620470046997,0.0,-41.53055953979492,199.46978759765625,192.25994873046875,0.3169570565223694,0.1348491609096527,0.0484837144613266,0.937551736831665,1
12658,-113.02609252929688,298.6254577636719,-93.80162811279297,-68.54743957519531,239.86546325683594,149.30015563964844,-13.913328369380906,-216.48047701315954,-51.76576584490249,38.46626663208008,-137.86199951171875,38.300594329833984,0.7240968942642212,2.519254684448242,0.0,-41.348690032958984,197.4617919921875,192.62826538085938,0.316883385181427,0.13634350895881653,0.050007984042167664,0.9372804164886475,1
12660,-112.97026062011719,294.2353820800781,-94.74130249023438,-68.33934020996094,236.3919677734375,150.5824737548828,6.666673367959447,-524.2020391770639,-112.20290043245768,38.1038818359375,-241.94281005859375,78.18828582763672,0.7163048386573792,2.5234646797180176,0.0,-41.1489372253418,194.06089782714844,193.935791015625,0.3020842373371124,0.1402125060558319,0.0489882230758667,0.9416399002075195,1
12662,-113.81880187988281,289.3378601074219,-95.65193176269531,-68.4786376953125,231.9561309814453,151.79769897460938,-101.4502638054546,-585.5400552428328,-108.87340934446547,11.230274200439453,-278.4916687011719,72.85472106933594,0.7059339284896851,2.524247646331787,0.0,-41.25029373168945,189.63490295410156,195.10157775878906,0.2939070463180542,0.1459691822528839,0.04858027398586273,0.9433724880218506,1
12664,-114.6024169921875,283.2158203125,-96.87125396728516,-68.81694030761719,226.50289916992188,153.44711303710938,-93.58460625691805,-731.135317199165,-145.6196883202647,5.669652938842773,-317.7331848144531,99.99629974365234,0.6956528425216675,2.5242810249328613,0.0,-41.56868362426758,184.62353515625,197.15411376953125,0.28475940227508545,0.15469323098659515,0.04156162217259407,0.9451215267181396,1
12665,-114.87709045410156,279.172607421875,-97.60785675048828,-68.92333984375,223.19375610351562,154.45132446289062,-32.81293786992319,-483.00877868011594,-87.9957648315467,19.473472595214844,-395.42926025390625,120.70178985595703,0.6888735294342041,2.526951551437378,0.0,-41.69749069213867,181.75332641601562,198.54449462890625,0.2766375243663788,0.16107900440692902,0.032682664692401886,0.9468141794204712,1
12667,-115.46748352050781,270.738525390625,-98.79376220703125,-69.25271606445312,216.3126983642578,156.8379669189453,-70.48160461056978,-1006.8675748482347,-141.5743582531577,30.148550033569336,-450.3595886230469,136.51515197753906,0.6739137768745422,2.5283126831054688,0.0,-41.914363861083984,175.1316375732422,201.16510009765625,0.2546556890010834,0.16701804101467133,0.025891395285725594,0.9521476030349731,1
12669,-116.083984375,262.03814697265625,-98.98756408691406,-70.13491821289062,209.08636474609375,159.0200958251953,-73.58860906888731,-1038.5204521389678,-23.133156542433426,-16.864543914794922,-450.4017333984375,139.64459228515625,0.651120662689209,2.533139705657959,0.0,-42.56855392456055,168.20672607421875,203.5819091796875,0.24128985404968262,0.16267989575862885,0.0276657622307539,0.956320583820343,1
12671,-115.55599975585938,252.12435913085938,-99.71855926513672,-70.32090759277344,201.67703247070312,161.07301330566406,63.019527442753315,-1183.2962596043944,-87.25059220381081,39.20728302001953,-446.4417419433594,120.1365737915039,0.6356801986694336,2.536294460296631,0.0,-42.69272994995117,161.5577850341797,206.25160217285156,0.21900376677513123,0.1623063087463379,0.0241391658782959,0.9618270993232727,1
12673,-114.79774475097656,243.5016326904297,-100.8805923461914,-69.93618774414062,194.42575073242188,163.2057342529297,90.56554575741757,-1029.893533132854,-138.79256911750417,57.27578353881836,-424.45172119140625,140.40904235839844,0.6188415288925171,2.5294697284698486,0.0,-42.30983352661133,154.91676330566406,208.94482421875,0.20412886142730713,0.16440312564373016,0.018158039078116417,0.9648695588111877,1
12675,-113.65766906738281,235.95828247070312,-101.1714859008789,-69.40350341796875,188.5307159423828,164.75198364257812,136.2025296194479,-901.1887513410766,-34.752462988719344,69.01439666748047,-327.50714111328125,90.66585540771484,0.6111252903938293,2.5132150650024414,0.0,-41.92947769165039,149.72572326660156,211.14015197753906,0.18528300523757935,0.16587260365486145,0.004836663603782654,0.968572735786438,1
12676,-112.99224853515625,233.08908081054688,-101.86451721191406,-69.04585266113281,186.12844848632812,165.63485717773438,79.42158969328739,-342.4549528667703,-82.71708756184671,74.80961608886719,-285.96282958984375,105.81554412841797,0.6111061573028564,2.5070295333862305,0.0,-41.63755416870117,147.5647735595703,212.243408203125,0.17935465276241302,0.1657657027244568,-0.00011392682063160464,0.969718337059021,1
12678,-111.49992370605469,228.59542846679688,-101.9996337890625,-68.26771545410156,182.26797485351562,166.57586669921875,178.20222499244846,-536.5982193574309,-16.134607031708583,74.66139221191406,-202.30401611328125,42.21192932128906,0.6086788773536682,2.491196632385254,0.0,-41.10837936401367,144.10726928710938,213.6776580810547,0.1733933687210083,0.16246896982192993,-0.005144760012626648,0.9713454842567444,1
12680,-109.98916625976562,227.61264038085938,-102.86273193359375,-66.96273803710938,180.0124969482422,167.19680786132812,180.32674141216557,-117.30736358184367,-103.02095568319783,112.65339660644531,-112.7716293334961,36.352962493896484,0.6069743633270264,2.475294828414917,0.0,-40.182857513427734,141.9720458984375,214.6025390625,0.18618562817573547,0.16280096769332886,-0.008572518825531006,0.968894898891449,1
12682,-107.82752990722656,228.61997985839844,-104.23589324951172,-65.5911865234375,179.1657257080078,168.2815399169922,258.0407877988182,120.2490289635025,-163.91824060422368,115.38008117675781,-34.65256881713867,77.1554183959961,0.5960761904716492,2.441865921020508,0.0,-39.200138092041016,141.0479278564453,215.8070831298828,0.19928714632987976,0.15936672687530518,-0.01120380312204361,0.9668305516242981,1
12684,-105.44041442871094,231.240478515625,-106.5509262084961,-64.39775085449219,180.08343505859375,170.03982543945312,284.85487687936984,312.70452941430267,-276.25325814285316,91.01514434814453,82.58787536621094,110.01221466064453,0.5856595635414124,2.3733911514282227,0.0,-38.22834396362305,141.5303192138672,217.4103546142578,0.2121187001466751,0.1522350311279297,-0.012935972772538662,0.9652268290519714,1
12686,-103.37297058105469,236.1182861328125,-109.45516204833984,-63.1165885925293,182.5596466064453,171.95933532714844,246.98019987065345,582.7108202185482,-346.9447303293273,109.65467834472656,153.55763244628906,115.2670669555664,0.5745563507080078,2.3030383586883545,0.0,-37.34360122680664,143.3722686767578,219.10389709472656,0.22855053842067719,0.14872220158576965,-0.017040520906448364,0.9619542360305786,1
12688,-101.8817138671875,242.16903686523438,-112.41934967041016,-62.37565994262695,186.22459411621094,173.7512664794922,178.145582560217,722.8229077733122,-354.1019636935089,56.661800384521484,236.736083984375,111.73271942138672,0.5687325596809387,2.2979860305786133,0.0,-37.0268669128418,145.96051025390625,220.2421875,0.2452748566865921,0.14239037036895752,-0.0169084370136261,0.9587905406951904,1
12689,-101.30335998535156,245.32383728027344,-114.00814056396484,-62.24057388305664,188.2330780029297,174.79489135742188,69.11586577352136,377.01270601991564,-189.86759074311703,48.38812255859375,240.998291015625,125.71110534667969,0.5699343085289001,2.314664840698242,0.0,-37.13474655151367,147.3566131591797,220.8583984375,0.25309818983078003,0.13847514986991882,-0.016774378716945648,0.9573320150375366,1
12691,-100.46914672851562,251.07012939453125,-118.08889770507812,-62.056766510009766,192.0398406982422,177.0856170654297,99.53624434582889,685.6332374010235,-486.9057601103559,50.170562744140625,229.14334106445312,153.7622528076172,0.5793796181678772,2.360002279281616,0.0,-37.48069381713867,150.07864379882812,222.289306640625,0.26585835218429565,0.13633385300636292,-0.018724143505096436,0.9541392922401428,1
12693,-100.29534912109375,256.15692138671875,-122.39396667480469,-61.3136100769043,195.765625,179.54412841796875,20.761868653353304,607.6683607753366,-514.2836994074751,83.95155334472656,227.74356079101562,157.07106018066406,0.5994153618812561,2.42922043800354,0.0,-37.55533218383789,152.1879119873047,223.56564331054688,0.27207091450691223,0.14749480783939362,-0.019625065848231316,0.9507036805152893,1
12695,-100.83563232421875,261.1218566894531,-127.09437561035156,-61.25461959838867,199.71751403808594,182.67015075683594,-64.52854992076755,592.9854448237456,-561.3918235679157,31.783897399902344,201.97833251953125,171.24961853027344,0.6310823559761047,2.475160837173462,0.0,-38.226627349853516,154.2006072998047,224.96218872070312,0.27717673778533936,0.1537584811449051,-0.01632140390574932,0.9482958316802979,1
12697,-101.19918823242188,265.14044189453125,-131.90045166015625,-61.56387710571289,202.3776397705078,185.27273559570312,-43.330903752241284,478.960525224451,-572.8186890685465,13.478992462158203,136.18370056152344,136.0880584716797,0.6528143882751465,2.4872493743896484,0.0,-38.83615493774414,155.68223571777344,226.2906036376953,0.2895272672176361,0.15695720911026,-0.01864747703075409,0.9440289735794067,1
12698,-102.04344177246094,268.9151306152344,-137.02357482910156,-61.91598892211914,203.60928344726562,186.4966278076172,-45.615591421723366,228.8132814615965,-287.6465101391077,-10.09792709350586,148.20443725585938,147.63442993164062,0.6634216904640198,2.4915599822998047,0.0,-39.250553131103516,156.42117309570312,226.91647338867188,0.2989709675312042,0.15823666751384735,-0.017330870032310486,0.940891683101654,1
12700,-102.46046447753906,270.46771240234375,-138.97491455078125,-62.9306755065918,205.6732635498047,188.8642578125,-104.78703340434004,406.46023718244396,-555.9714687599335,-32.95045852661133,117.82772827148438,130.7946014404297,0.6779866218566895,2.497096061706543,0.0,-40.22649002075195,157.6489715576172,228.0765380859375,0.31868937611579895,0.15780723094940186,-0.01453076209872961,0.9345174431800842,1
12702,-103.02932739257812,273.0989685058594,-143.11354064941406,-64.03901672363281,207.50755310058594,191.12672424316406,-67.81057569547556,313.65551605587825,-493.33962703007273,-35.02461624145508,110.91048431396484,142.25946044921875,0.6876952648162842,2.499316453933716,0.0,-41.19626235961914,158.7218780517578,229.0982208251953,0.3323726952075958,0.1548672467470169,-0.013068809174001217,0.9302546381950378,1
12704,-103.74995422363281,275.3747253417969,-146.92730712890625,-64.94049072265625,208.8618927001953,193.35780334472656,-85.8593232765561,271.14580453466624,-454.39247465261724,-9.019973754882812,62.487953186035156,135.34873962402344,0.689191460609436,2.49491024017334,0.0,-41.99369430541992,159.4238739013672,230.27438354492188,0.3430978059768677,0.15349702537059784,-0.012449919246137142,0.9265891909599304,1
12706,-104.318115234375,277.28094482421875,-150.25523376464844,-65.60887145996094,209.71170043945312,195.0895233154297,-67.86263065121602,227.68381889979355,-397.4962235101266,-5.981658935546875,57.50395965576172,99.4247055053711,0.6909943222999573,2.4925591945648193,0.0,-42.609798431396484,159.76290893554688,231.15762329101562,0.35641735792160034,0.15388637781143188,-0.014113202691078186,0.921458899974823,1
12708,-104.65432739257812,278.7582702636719,-153.31610107421875,-66.28944396972656,210.21693420410156,196.4437713623047,-40.182052159681916,176.5610386673361,-365.8164253914729,-3.9905052185058594,19.04994773864746,82.93463134765625,0.6866883635520935,2.4899816513061523,0.0,-43.212528228759766,159.71343994140625,231.5623321533203,0.36891213059425354,0.1528286635875702,-0.015836641192436218,0.9166768193244934,1
12710,-104.65762329101562,279.4026184082031,-155.24525451660156,-66.77522277832031,210.6035614013672,197.6844024658203,-0.3935087788850069,76.93096627201885,-230.32833984098397,13.559488296508789,9.675361633300781,55.39390563964844,0.6826192140579224,2.4796509742736816,0.0,-43.573368072509766,159.4668731689453,231.5985107421875,0.3676949441432953,0.14999864995479584,-0.018551034852862358,0.9175819754600525,1
12711,-104.43696594238281,279.2590026855469,-155.66729736328125,-66.95858764648438,210.45738220214844,197.96490478515625,26.356586971785873,-17.154290614649653,-50.411232905928046,10.290103912353516,-17.207124710083008,34.13604736328125,0.6791788339614868,2.4794437885284424,0.0,-43.6591911315918,159.04257202148438,231.37869262695312,0.36794131994247437,0.145193949341774,-0.018862230703234673,0.9182494878768921,1
12713,-104.04804992675781,278.96923828125,-156.0729522705078,-66.80854797363281,209.604736328125,197.49069213867188,46.447593016549945,-34.606080955127254,-48.446691005374305,50.11328887939453,-45.40205001831055,-38.42853546142578,0.673510730266571,2.4819395542144775,0.0,-43.48967361450195,157.78506469726562,230.27919006347656,0.3732743263244629,0.14482693374156952,-0.0208034198731184,0.9161105751991272,1
12715,-103.66897583007812,278.47406005859375,-155.48452758789062,-66.41041564941406,208.72479248046875,196.20724487304688,45.249971846002154,-59.10928979376331,70.24009436450433,70.13388061523438,-65.79674530029297,-94.63993835449219,0.6744245290756226,2.48476243019104,0.0,-43.026187896728516,156.56442260742188,228.40538024902344,0.3788186013698578,0.14611953496932983,-0.022113889455795288,0.9135953783988953,1
12717,-102.79521179199219,276.8635559082031,-152.53836059570312,-65.66099548339844,207.7625274658203,193.82492065429688,104.33972678682767,-192.3168678455986,351.8138142954558,81.10490417480469,-64.42293548583984,-156.41201782226562,0.6758711338043213,2.4947924613952637,0.0,-42.31143569946289,155.37100219726562,225.72979736328125,0.3679462969303131,0.14658084511756897,-0.02580784261226654,0.9178581237792969,1
12718,-102.16700744628906,275.8037414550781,-149.85862731933594,-65.11572265625,207.17181396484375,192.03558349609375,74.98559600440785,-126.50472567602992,319.86629547481425,97.11904907226562,-70.07213592529297,-212.41859436035156,0.6741960644721985,2.5007455348968506,0.0,-41.815914154052734,154.66970825195312,223.79190063476562,0.35884571075439453,0.14512935280799866,-0.027861788868904114,0.9216240644454956,1
12721,-97.68698120117188,269.3836975097656,-135.24063110351562,-62.43418502807617,203.99966430664062,183.63287353515625,534.9213954224251,-766.5622203983366,1745.4091798164882,141.4942169189453,-139.2075958251953,-392.05511474609375,0.6496658325195312,2.5043375492095947,0.0,-39.7514762878418,151.85592651367188,216.64739990234375,0.31000736355781555,0.1296597421169281,-0.041110262274742126,0.9409536123275757,1
12722,-95.09152221679688,266.9118957519531,-128.41578674316406,-61.271427154541016,202.39846801757812,179.72015380859375,309.9384399484843,-295.17183099035174,814.9932735107141,170.9668426513672,-190.83555603027344,-466.3439636230469,0.6276571750640869,2.5025014877319336,0.0,-38.98843765258789,150.90170288085938,214.42263793945312,0.2981993854045868,0.11951522529125214,-0.048524122685194016,0.9457476735115051,1
12724,-90.032958984375,261.5362243652344,-116.83528900146484,-58.15046310424805,199.20677185058594,172.8390655517578,604.280135666253,-642.1608835575171,1383.370025224809,241.56683349609375,-193.7123260498047,-396.4390563964844,0.61324542760849,2.5049118995666504,0.0,-36.8299446105957,149.21847534179688,210.76187133789062,0.27367061376571655,0.10855201631784439,-0.05267604440450668,0.9542253613471985,1
12726,-85.9949951171875,256.9389953613281,-107.58576202392578,-54.86574172973633,196.12982177734375,167.1038360595703,482.0426267506555,-548.8063830449246,1104.1867701405426,235.8369598388672,-185.21572875976562,-316.9909973144531,0.6140058040618896,2.5102570056915283,0.0,-35.02706527709961,148.0572509765625,208.31317138671875,0.2569023072719574,0.10756855458021164,-0.05945904925465584,0.958590030670166,1
12728,-82.25556945800781,251.6470947265625,-100.75316619873047,-52.108158111572266,193.11293029785156,162.6790771484375,446.8127519125119,-632.3133285623044,816.4063740288839,201.71038818359375,-157.99107360839844,-211.22412109375,0.6227133870124817,2.5110535621643066,0.0,-33.1080436706543,146.07835388183594,205.47618103027344,0.23507560789585114,0.10449539870023727,-0.06458181887865067,0.9641832709312439,1
12730,-79.64179992675781,249.27886962890625,-98.14447784423828,-49.78517532348633,190.98985290527344,160.55970764160156,311.9553039483726,-282.64939633151516,311.34886178851593,171.2816162109375,-117.65764617919922,-91.67715454101562,0.6229516863822937,2.4976439476013184,0.0,-31.388519287109375,144.45199584960938,204.0845489501953,0.23103857040405273,0.10970008373260498,-0.07472500205039978,0.9638481736183167,1
12731,-78.64372253417969,248.64706420898438,-98.23992919921875,-48.80265426635742,190.4670867919922,160.57398986816406,119.2208745284006,-75.46949290204793,-11.401715037645772,150.3463592529297,-62.604827880859375,2.3408424854278564,0.6270235776901245,2.4906423091888428,0.0,-30.75589370727539,143.9722900390625,204.2935333251953,0.22891177237033844,0.11376940459012985,-0.07949160039424896,0.9635024666786194,1
12733,-77.19903564453125,248.62152099609375,-98.9249267578125,-47.3703727722168,189.87254333496094,160.74752807617188,172.49305970442947,-3.0498144461307675,-81.7874970822595,109.25161743164062,-30.248916625976562,23.212373733520508,0.6298595070838928,2.4840104579925537,0.0,-29.838138580322266,143.24826049804688,204.56338500976562,0.23145154118537903,0.11982783675193787,-0.08341939747333527,0.9618277549743652,1
12735,-76.17921447753906,249.2120361328125,-100.28890228271484,-46.70431137084961,190.02322387695312,161.70176696777344,121.81979051616509,70.53827923955396,-162.9297548342147,67.96915435791016,21.285018920898438,72.34400177001953,0.6333070993423462,2.4886035919189453,0.0,-29.26766586303711,142.9007568359375,205.06834411621094,0.23340193927288055,0.11904376745223999,-0.08095565438270569,0.9616643190383911,1
12737,-75.16166687011719,249.53561401367188,-102.56704711914062,-45.940486907958984,190.22036743164062,163.32066345214844,121.4514941831585,38.62130560609512,-271.9126774329343,83.25688171386719,10.969077110290527,109.67183685302734,0.6441608667373657,2.498859405517578,0.0,-28.666805267333984,142.70758056640625,206.2977294921875,0.23367628455162048,0.1197432279586792,-0.0822741687297821,0.9613989591598511,1
12739,-74.09046936035156,250.5919952392578,-105.1806640625,-45.039859771728516,190.51695251464844,165.15283203125,128.00097591988742,126.23052853066474,-312.3098367769271,85.49530792236328,21.790403366088867,102.92969512939453,0.6489753723144531,2.4999067783355713,0.0,-28.031421661376953,142.71353149414062,207.8723907470703,0.24018888175487518,0.12136128544807434,-0.08416801691055298,0.9594250917434692,1
12741,-73.32963562011719,251.7421112060547,-107.74226379394531,-44.42461013793945,191.40072631835938,166.97007751464844,90.82774354470894,137.29995471378788,-305.8017950153444,57.42286682128906,57.0158805847168,110.70198822021484,0.655631959438324,2.504411458969116,0.0,-27.637191772460938,143.1216583251953,209.13499450683594,0.23904037475585938,0.12331047654151917,-0.087739959359169,0.959143340587616,1
12742,-72.87100219726562,253.25018310546875,-109.65580749511719,-44.32160568237305,191.8032684326172,167.7555694580078,31.661375576048158,75.07816733815707,-117.43406008533202,44.49131774902344,48.304840087890625,94.37960052490234,0.6532139778137207,2.5028157234191895,0.0,-27.550636291503906,143.26516723632812,209.58473205566406,0.23931269347667694,0.12278208136558533,-0.089021235704422,0.9590251445770264,1
12744,-72.72784423828125,254.0812530517578,-110.81393432617188,-44.11629104614258,192.36129760742188,168.99380493164062,40.09024678263813,203.7981510674581,-248.78326418821234,50.34164047241211,22.44414710998535,67.07344818115234,0.6475120782852173,2.48968243598938,0.0,-27.332420349121094,143.56346130371094,210.5150909423828,0.25187060236930847,0.12294963002204895,-0.08902263641357422,0.9557821750640869,1
12746,-72.29600524902344,255.71153259277344,-112.98636627197266,-43.8166618347168,193.02981567382812,170.06085205078125,51.48772594775073,194.37658088793978,-259.0168638032628,47.047428131103516,58.869441986083984,71.72840118408203,0.6500581502914429,2.485978841781616,0.0,-27.015087127685547,143.89283752441406,211.0955352783203,0.26164954900741577,0.12159904837608337,-0.08749274164438248,0.9534664154052734,1
12748,-71.66206359863281,257.0430603027344,-114.63821411132812,-43.311397552490234,194.0431671142578,171.19874572753906,75.52718875696883,158.63691023201682,-196.79953743994702,66.68856811523438,55.24845504760742,62.590171813964844,0.6574784517288208,2.4872045516967773,0.0,-26.550861358642578,144.62051391601562,211.76058959960938,0.26263299584388733,0.12092503905296326,-0.08827611804008484,0.9532095193862915,1
12750,-71.03207397460938,258.4109802246094,-116.30362701416016,-42.811038970947266,195.0856170654297,172.23939514160156,75.11700546252541,163.10435017570853,-198.57601672934834,69.44220733642578,54.81490707397461,52.58135223388672,0.6558169722557068,2.482849597930908,0.0,-26.03539276123047,145.3983917236328,212.33909606933594,0.26501622796058655,0.11941316723823547,-0.08830589801073074,0.9527376294136047,1
12752,-70.1689453125,260.35546875,-117.67744445800781,-42.03767013549805,195.94154357910156,172.6059112548828,103.07928139460273,232.220859619556,-164.06837253336562,86.83890533447266,50.84242630004883,6.24882173538208,0.6556447744369507,2.4790236949920654,0.0,-25.252105712890625,146.10816955566406,212.4113311767578,0.27906230092048645,0.11849429458379745,-0.0877593606710434,0.9488844275474548,1
12753,-69.70054626464844,261.6722717285156,-118.35110473632812,-41.55418014526367,196.6875457763672,172.6654815673828,55.87412926426623,157.07807301194407,-80.35921858449001,89.74220275878906,89.04894256591797,7.711616039276123,0.6583594679832458,2.4846818447113037,0.0,-24.77554702758789,146.70989990234375,212.22885131835938,0.2852632999420166,0.11795595288276672,-0.08613435924053192,0.94725501537323,1
12755,-68.03514099121094,263.81982421875,-119.30169677734375,-39.891178131103516,198.58155822753906,172.85577392578125,198.74625731259584,256.2847774196416,-113.44182307831943,152.99514770507812,123.86396789550781,12.6218900680542,0.6722280383110046,2.5054214000701904,0.0,-23.272991180419922,148.2491455078125,211.90830993652344,0.2888598144054413,0.11599617451429367,-0.08470320701599121,0.9465359449386597,1
12757,-65.66459655761719,266.9313049316406,-120.4671859741211,-37.51365280151367,200.95504760742188,172.7135467529297,283.20413554739207,371.7222900693305,-139.23863049584907,181.6272735595703,138.79632568359375,-24.96027946472168,0.6814393401145935,2.5181851387023926,0.0,-21.19417953491211,150.3381805419922,211.32398986816406,0.29669803380966187,0.11773335933685303,-0.08755826205015182,0.9436327219009399,1
12759,-62.41318130493164,270.3288879394531,-121.3435287475586,-34.72700119018555,203.32284545898438,171.98980712890625,388.25959409371717,405.7138498146087,-104.64627340994775,206.12625122070312,170.92385864257812,-27.693471908569336,0.6919079422950745,2.518234968185425,0.0,-18.82117462158203,152.45909118652344,210.26824951171875,0.3093761205673218,0.11560647934675217,-0.0925225242972374,0.9393407702445984,1
12761,-57.01188278198242,273.86456298828125,-120.8929443359375,-31.21929931640625,206.84521484375,171.151123046875,645.1536911011208,422.31581879686564,53.81968707614578,244.956298828125,190.16468811035156,-59.75968551635742,0.6970714330673218,2.5322515964508057,0.0,-16.033985137939453,155.4178924560547,208.85792541503906,0.3075506389141083,0.10735073685646057,-0.10265209525823593,0.9398675560951233,1
12762,-53.785884857177734,275.74627685546875,-120.07876586914062,-29.37970733642578,208.5792999267578,170.39022827148438,385.37273743667174,224.78663687128574,97.26050413702615,251.37876892089844,206.8702392578125,-90.03337860107422,0.698236882686615,2.539914846420288,0.0,-14.554019927978516,156.89508056640625,207.8723907470703,0.30768465995788574,0.09845609217882156,-0.10916631668806076,0.9400634169578552,1
12764,-45.87643051147461,283.6849670410156,-118.41751861572266,-25.348045349121094,212.8107452392578,168.8996124267578,619.697530378704,616.3809127367567,131.99901443783892,284.50457763671875,265.8773193359375,-98.12185668945312,0.6997019052505493,2.5502264499664307,0.0,-11.567878723144531,160.37802124023438,205.6636199951172,0.3115119934082031,0.09360551089048386,-0.11359471082687378,0.9387728571891785,1
12766,-43.20148849487305,286.2825927734375,-118.19702911376953,-21.264923095703125,216.80682373046875,167.11073303222656,643.9655485083349,641.5421045406256,92.65026723768096,290.21356201171875,232.75038146972656,-101.72681427001953,0.7054398059844971,2.55134654045105,0.0,-8.425346374511719,163.8319549560547,203.3822784423828,0.32648229598999023,0.08591847866773605,-0.11677522212266922,0.9340186715126038,1
12768,-37.4763069152832,290.810791015625,-116.52592468261719,-17.139755249023438,220.8727264404297,165.1090087890625,683.5946827183943,540.6731992028654,199.53220479073934,280.5465087890625,227.71141052246094,-120.47881317138672,0.7085855603218079,2.5513246059417725,0.0,-5.346893310546875,167.3542022705078,200.80262756347656,0.3332916498184204,0.07203581929206848,-0.11745422333478928,0.9327014684677124,1
12770,-32.4344596862793,295.35174560546875,-113.99071502685547,-13.42572021484375,224.85655212402344,162.513916015625,602.1953603732982,542.3690289421938,302.80399681505514,250.0288848876953,239.84999084472656,-172.9146728515625,0.7109630107879639,2.5574452877044678,0.0,-2.6397476196289062,170.88612365722656,197.67132568359375,0.33919742703437805,0.0600242018699646,-0.11514917016029358,0.9317096471786499,1
12772,-28.66400146484375,298.9195556640625,-110.47279357910156,-10.34432601928711,228.44337463378906,159.5706787109375,451.1316786262323,426.8850219855085,420.91589796112385,200.13575744628906,203.37554931640625,-177.21253967285156,0.715679943561554,2.567284107208252,0.0,-0.2602577209472656,174.1702117919922,194.45115661621094,0.3366785943508148,0.052884846925735474,-0.1099255308508873,0.9336847066879272,1
12774,-26.55166244506836,301.441650390625,-106.70652770996094,-8.346435546875,231.4330596923828,156.71926879882812,252.1493344210612,301.0617617229,449.57813270785846,126.4881591796875,184.7144012451172,-163.53366088867188,0.727400541305542,2.5780189037323,0.0,1.3616371154785156,177.1307373046875,191.73068237304688,0.3326127231121063,0.047722604125738144,-0.10167035460472107,0.9363516569137573,1
12775,-26.22370147705078,302.4906921386719,-104.77709197998047,-7.8586578369140625,232.78863525390625,155.2520751953125,39.15692119480809,125.25040801847354,230.3651049878681,90.7962417602539,163.11260986328125,-175.63995361328125,0.7295801043510437,2.5811853408813477,0.0,1.8256511688232422,178.54019165039062,190.4110107421875,0.3322204351425171,0.04626655578613281,-0.09662523120641708,0.93709796667099,1
12777,-27.570072174072266,304.46331787109375,-101.66166687011719,-7.946117401123047,235.0771942138672,152.53494262695312,-160.7564167509263,235.53115426260047,371.98119242006214,10.269878387451172,132.93130493164062,-163.70529174804688,0.739234209060669,2.5846219062805176,0.0,1.9413013458251953,181.1762237548828,188.11929321289062,0.33500009775161743,0.045791298151016235,-0.08327668160200119,0.9374129772186279,1
12779,-32.98563003540039,305.6246032714844,-99.58192443847656,-9.601314544677734,236.58299255371094,150.5346221923828,-646.1708515621722,138.56167643144727,248.14967774227262,-90.3863525390625,83.01728057861328,-99.34455871582031,0.7444634437561035,2.5860109329223633,0.0,1.3830032348632812,183.0404815673828,186.2710723876953,0.33851027488708496,0.05864157900214195,-0.061780478805303574,0.9370993375778198,1
12781,-39.98170852661133,306.00372314453125,-98.71672058105469,-12.400257110595703,237.03176879882812,148.9303436279297,-835.3859056305373,45.26984636974521,103.31203529168852,-152.99371337890625,22.924819946289062,-90.00148010253906,0.7424662113189697,2.591660261154175,0.0,0.45710182189941406,184.22064208984375,184.9217071533203,0.34290170669555664,0.07758703827857971,-0.04405246675014496,0.9351246356964111,1
12783,-48.60459518432617,305.09893798828125,-98.1572265625,-16.28033447265625,236.48800659179688,147.67897033691406,-1030.1860818464193,-108.0957122631371,66.84338710119482,-196.76821899414062,-51.252220153808594,-83.46615600585938,0.7458637952804565,2.5944926738739014,0.0,-1.0053787231445312,184.48110961914062,183.74404907226562,0.35363492369651794,0.08931970596313477,-0.014097511768341064,0.9310024380683899,1
12785,-56.2266960144043,301.36602783203125,-98.00296783447266,-20.000499725341797,235.20883178710938,147.537353515625,-910.2344073802233,-445.7856619358063,18.421640571206808,-189.65028381347656,-53.020511627197266,14.792558670043945,0.7576701045036316,2.608393430709839,0.0,-2.221607208251953,184.19158935546875,183.6424102783203,0.34626057744026184,0.09839290380477905,0.01402805745601654,0.9328588843345642,1
12786,-62.88644790649414,297.0381164550781,-98.38130187988281,-21.58808135986328,233.90853881835938,147.68243408203125,-431.33389231958427,-283.21417568065226,-10.090976248728111,-156.08322143554688,-153.95111083984375,17.8271541595459,0.7620427012443542,2.620509624481201,0.0,-2.6218338012695312,183.2882537841797,183.68988037109375,0.34148821234703064,0.1056511402130127,0.026449620723724365,0.9335545301437378,1
12788,-65.02275085449219,294.55718994140625,-98.29949951171875,-23.979747772216797,231.41934204101562,148.44615173339844,-619.3989995440934,-530.1720062829554,-25.334410988725722,-89.56236267089844,-187.21072387695312,41.93708419799805,0.7658026218414307,2.6293351650238037,0.0,-3.4826889038085938,181.37599182128906,184.23753356933594,0.32767289876937866,0.11495168507099152,0.046009622514247894,0.9366427659988403,1
12790,-67.15571594238281,289.66290283203125,-98.4189224243164,-25.214771270751953,228.00677490234375,149.11181640625,-254.27084754081443,-583.4481485299766,-14.236409857054241,-21.413333892822266,-211.1546173095703,55.214378356933594,0.7640324831008911,2.6389317512512207,0.0,-3.5571670532226562,178.75930786132812,184.9932098388672,0.32033321261405945,0.11728092283010483,0.055314209312200546,0.9383880496025085,1
12792,-66.67840576171875,283.41668701171875,-97.3471450805664,-24.573833465576172,223.71261596679688,149.8966827392578,56.8655147011159,-744.1581846466288,127.6888127811253,94.2041015625,-251.70965576171875,40.01226806640625,0.7532603740692139,2.6316111087799072,0.0,-2.4272117614746094,175.28684997558594,186.43423461914062,0.30433738231658936,0.11673446744680405,0.06143474206328392,0.9433862566947937,1
12794,-63.00766372680664,277.13812255859375,-95.47576904296875,-22.458389282226562,219.02833557128906,150.3428497314453,437.5892946489039,-748.4679022170603,223.0868071160512,169.3638916015625,-259.3165588378906,19.496707916259766,0.7455117702484131,2.632939577102661,0.0,-0.32918548583984375,171.0711669921875,187.56649780273438,0.28361326456069946,0.10570937395095825,0.05726170539855957,0.9513727426528931,1
12796,-57.23501968383789,271.8671569824219,-94.08173370361328,-18.90194320678711,213.67636108398438,150.589111328125,688.056828155648,-628.2604346747976,166.15878734149737,258.256103515625,-319.8063659667969,2.3426148891448975,0.7297050356864929,2.639622688293457,0.0,2.5610733032226562,166.1803741455078,188.87513732910156,0.2803939878940582,0.09278755635023117,0.0512443371117115,0.9540144801139832,1
12797,-54.04732131958008,268.8437194824219,-92.9100341796875,-16.64562225341797,211.0623321533203,151.0040740966797,379.8496508686803,-360.27614521980286,139.62100682943128,302.48004150390625,-312.875,50.332698822021484,0.7240899801254272,2.641986131668091,0.0,4.299900054931641,163.67208862304688,189.71043395996094,0.2710140347480774,0.08906029909849167,0.04809378460049629,0.9572390913963318,1
12799,-46.002376556396484,260.1750183105469,-90.18467712402344,-11.703723907470703,205.1315460205078,151.9722900390625,960.5394720324548,-1035.0138990320265,325.398508555023,332.6065979003906,-372.23974609375,70.69581604003906,0.718005359172821,2.6497445106506348,0.0,8.008132934570312,158.13284301757812,191.82144165039062,0.23787817358970642,0.0729679986834526,0.037902381271123886,0.9678083658218384,1
12801,-38.76456069946289,252.06350708007812,-87.96417999267578,-7.175853729248047,198.43739318847656,152.7090606689453,864.675694910693,-969.0529226800427,265.27476493560243,295.2618103027344,-433.5356750488281,36.67020797729492,0.7061895728111267,2.650646209716797,0.0,11.156192779541016,152.13461303710938,194.13272094726562,0.22197379171848297,0.05841806158423424,0.029399579390883446,0.9728569388389587,1
12803,-33.34165573120117,243.1764373779297,-85.12675476074219,-3.823749542236328,192.07168579101562,153.24586486816406,647.4766985267634,-1061.0863704972435,338.7790736221941,204.48529052734375,-403.6893310546875,25.014404296875,0.6846416592597961,2.643914222717285,0.0,13.243999481201172,146.3839874267578,195.85496520996094,0.19277353584766388,0.05228051543235779,0.01946093887090683,0.9796562790870667,1
12805,-30.784175872802734,235.34144592285156,-83.35673522949219,-1.6617851257324219,186.33157348632812,153.7076416015625,305.61806259769946,-936.2790878321975,211.51679381728172,145.29010009765625,-326.2106018066406,10.595810890197754,0.6816627383232117,2.6363613605499268,0.0,14.090818405151367,141.3572235107422,197.47389221191406,0.17214182019233704,0.054090674966573715,0.010548152029514313,0.9835294485092163,1
12807,-31.007946014404297,229.35133361816406,-83.33045959472656,-1.4414405822753906,180.48187255859375,154.29298400878906,-26.69827966892626,-714.6873680921271,3.1349769921507686,23.740934371948242,-328.26519775390625,43.989837646484375,0.666303813457489,2.6069064140319824,0.0,13.885713577270508,136.38941955566406,199.16836547851562,0.1707485467195511,0.0612466000020504,0.0035426837857812643,0.9834029078483582,1
12808,-33.22189712524414,224.9303436279297,-84.68465423583984,-1.8799552917480469,178.0010223388672,155.00086975097656,-101.31483271322213,-327.8429413904669,-81.71719883067999,-20.503009796142578,-297.88623046875,85.69438171386719,0.6601318120956421,2.5877132415771484,0.0,13.403091430664062,134.4910430908203,200.45912170410156,0.16964007914066315,0.06480421870946884,0.001742459717206657,0.9833715558052063,1
12810,-35.176334381103516,223.30963134765625,-85.5173110961914,-3.8736343383789062,174.58743286132812,156.31100463867188,-396.35712809540564,-393.3699304328766,-179.3566679492942,-100.60627746582031,-184.07887268066406,79.98413848876953,0.6398088932037354,2.53401517868042,0.0,11.878721237182617,132.6036376953125,202.9972686767578,0.1786939799785614,0.07453904300928116,0.0005731136188842356,0.9810770153999329,1
12812,-39.317745208740234,221.2694549560547,-87.9444808959961,-6.465522766113281,172.7317352294922,157.85055541992188,-494.1624596446054,-243.43843818991445,-289.615362533601,-129.02508544921875,-97.22296905517578,84.98910522460938,0.6217390298843384,2.4751532077789307,0.0,10.218637466430664,131.73851013183594,205.13433837890625,0.18365438282489777,0.08454447239637375,0.0003166347451042384,0.979348361492157,1
12814,-42.97410202026367,221.235107421875,-89.71507263183594,-9.359405517578125,172.320556640625,158.9827423095703,-436.41201137646567,-4.09962081105914,-211.33262988150818,-137.9795379638672,-1.8147143125534058,79.07713317871094,0.6119255423545837,2.403740167617798,0.0,8.48420524597168,131.82321166992188,206.4592742919922,0.18891318142414093,0.09149825572967529,-0.003371685743331909,0.9777159690856934,1
12816,-45.51981735229492,223.591552734375,-92.14785766601562,-11.583366394042969,174.47756958007812,160.93289184570312,-304.26472309604287,281.6431089043617,-290.76725722756237,-84.60296630859375,162.10890197753906,127.72644805908203,0.6096898317337036,2.283179521560669,0.0,7.220483779907227,134.25941467285156,208.35684204101562,0.19013361632823944,0.09348662942647934,-0.004670701455324888,0.9772858619689941,1
12817,-46.509456634521484,225.8231964111328,-93.64320373535156,-12.450843811035156,176.22528076171875,161.7918243408203,-118.16118012706283,266.4543083572062,-178.54167616867926,-71.09854125976562,208.37042236328125,102.90223693847656,0.615757167339325,2.1531755924224854,0.0,6.806665420532227,136.02532958984375,209.04837036132812,0.19660094380378723,0.09164923429489136,-0.00040524452924728394,0.9761907458305359,1
12819,-47.379817962646484,231.66925048828125,-95.63639068603516,-13.421756744384766,180.7200469970703,162.83792114257812,-103.93201412633061,698.0918789652642,-238.0114185003331,-25.941486358642578,287.0247497558594,38.839088439941406,0.6258000135421753,1.9754981994628906,0.0,6.411378860473633,140.12918090820312,209.29248046875,0.20544901490211487,0.08823290467262268,0.0006959065794944763,0.974682092666626,1
12821,-47.24763107299805,238.85096740722656,-97.71580505371094,-13.530113220214844,185.5645751953125,163.1075439453125,15.793566981214099,858.0648769416148,-248.4465001403005,31.311683654785156,304.0073547363281,28.726104736328125,0.6337158679962158,1.9163072109222412,0.0,6.678066253662109,144.1462860107422,208.58590698242188,0.22786462306976318,0.0823923647403717,0.008184418082237244,0.9701660871505737,1
12823,-45.540225982666016,245.29473876953125,-99.17359161376953,-12.517475128173828,190.6854248046875,163.17919921875,203.92337568372022,769.609752117889,-174.11026711633895,84.89102172851562,303.3241882324219,-19.19024085998535,0.6343876719474792,1.9021059274673462,0.0,7.651372909545898,148.365234375,207.71885681152344,0.2357635796070099,0.08160400390625,-0.0024414435029029846,0.9683750867843628,1
12825,-42.180484771728516,251.0687255859375,-100.07876586914062,-11.013256072998047,195.94093322753906,163.0857391357422,401.23764265794307,689.559318262618,-108.10058323462727,147.97027587890625,273.47540283203125,-21.46504783630371,0.6363000273704529,2.017897129058838,0.0,8.86573600769043,152.37864685058594,206.44264221191406,0.23154959082603455,0.07288423180580139,-0.01287136971950531,0.970003604888916,1
12827,-38.9231071472168,256.91082763671875,-100.3657455444336,-8.544845581054688,200.60499572753906,162.7932586669922,389.4831753114704,698.5375106986612,-34.31403050781228,186.41844177246094,271.74346923828125,-10.553616523742676,0.6318510174751282,2.2039794921875,0.0,10.722190856933594,155.83815002441406,205.1732177734375,0.2376018911600113,0.06870666146278381,-0.013987316749989986,0.9688287377357483,1
12829,-35.5847053527832,261.4934997558594,-99.85942840576172,-5.652996063232422,204.3068084716797,162.2889404296875,398.6363036702969,547.2137828206178,60.458987585501745,217.1571502685547,221.60484313964844,-21.9338321685791,0.6351000070571899,2.410773992538452,0.0,12.68722152709961,158.5297088623047,204.0316619873047,0.2389412373304367,0.06913068890571594,-0.01572762429714203,0.9684423804283142,1
12831,-32.24361038208008,263.8568420410156,-98.64826965332031,-2.135303497314453,206.552734375,161.94801330566406,399.1114489927422,282.31372414296493,144.6793128856807,246.83865356445312,114.45155334472656,-8.5964937210083,0.6457051634788513,2.540972948074341,0.0,15.078926086425781,159.7904052734375,203.22972106933594,0.23154152929782867,0.07269608974456787,-0.015241838991641998,0.96998530626297,1
12833,-29.163036346435547,264.75146484375,-97.66199493408203,0.7410373687744141,207.02064514160156,161.2574920654297,367.60539887537016,106.75548402243294,117.69232207088498,192.70956420898438,14.035218238830566,-39.80828094482422,0.6583796739578247,2.5972864627838135,0.0,16.90184783935547,159.6395263671875,202.28781127929688,0.23304034769535065,0.07694226503372192,-0.012754328548908234,0.9693345427513123,1
12834,-27.700515747070312,264.61236572265625,-97.16077423095703,1.7791709899902344,206.59344482421875,160.86679077148438,174.5251298576477,-16.598940338008106,59.8115392960608,156.22743225097656,-50.77944564819336,-46.05592346191406,0.6619340181350708,2.608776330947876,0.0,17.66291046142578,159.13604736328125,201.9217529296875,0.23735131323337555,0.0751136839389801,-0.01123890932649374,0.9684503078460693,1
12836,-25.420238494873047,262.66522216796875,-96.3124771118164,3.5543594360351562,205.1565399169922,160.63243103027344,271.7383395472425,-232.03913291729987,101.09071183158085,136.51760864257812,-102.9299087524414,-6.608104705810547,0.6712575554847717,2.6195414066314697,0.0,19.006986618041992,157.48265075683594,201.61776733398438,0.23119834065437317,0.0723905861377716,-0.010033330880105495,0.9701578617095947,1
12838,-23.713809967041016,258.1044616699219,-95.58497619628906,4.836254119873047,202.0671844482422,161.05308532714844,203.4907817459316,-543.8684972540941,86.75413450197084,109.1783447265625,-212.2382354736328,34.89091110229492,0.6742616295814514,2.6274254322052,0.0,19.96145248413086,154.43386840820312,202.26141357421875,0.22039994597434998,0.06726044416427612,-0.008647195994853973,0.9730494022369385,1
12839,-23.256061553955078,254.84793090820312,-95.54692840576172,5.29670524597168,199.94332885742188,161.60040283203125,54.5472513071727,-388.0620812019333,4.533936835709028,86.89544677734375,-252.0401153564453,65.63824462890625,0.6724082827568054,2.6264591217041016,0.0,20.318958282470703,152.46078491210938,203.02627563476562,0.2105499804019928,0.06787975877523422,-0.009265980683267117,0.9751795530319214,1
12842,-23.03801727294922,246.41378784179688,-96.54365539550781,6.033281326293945,193.46505737304688,164.3610076904297,25.995477334741736,-1005.527748351451,-118.83088036678964,51.816917419433594,-288.26385498046875,103.98865509033203,0.6641343235969543,2.614690065383911,0.0,20.841249465942383,146.3401641845703,206.27899169921875,0.1927451640367508,0.07079922407865524,-0.004868827294558287,0.9786792397499084,1
12844,-23.037288665771484,241.37513732910156,-97.81939697265625,6.42741584777832,188.8931121826172,166.1315155029297,0.08698517526499927,-601.5421084770933,-152.3051214320585,66.30412292480469,-293.4124755859375,98.72699737548828,0.6541454792022705,2.604763984680176,0.0,21.142452239990234,141.972900390625,208.2618408203125,0.18706047534942627,0.07399763911962509,-0.005125082563608885,0.9795439839363098,1
12845,-22.862773895263672,239.17630004882812,-98.26895141601562,6.77680778503418,186.58030700683594,166.83578491210938,20.838137007202022,-262.55469591228757,-53.67956566461362,74.06043243408203,-276.8536071777344,85.00228118896484,0.6515597105026245,2.5985231399536133,0.0,21.409557342529297,140.0182342529297,209.39263916015625,0.1879340559244156,0.07549148797988892,-0.007432311307638884,0.9792479872703552,1
12847,-22.02276611328125,235.83766174316406,-99.41747283935547,7.987180709838867,183.28765869140625,168.21282958984375,100.26086200107238,-398.49006356310565,-137.0841442194651,110.69352722167969,-177.04302978515625,66.41912841796875,0.6513029336929321,2.5915024280548096,0.0,22.42333984375,137.43911743164062,211.5253143310547,0.18801634013652802,0.08086913824081421,-0.015026167035102844,0.9787155985832214,1
12849,-20.841259002685547,233.93748474121094,-99.9806137084961,9.483133316040039,181.74951171875,169.09507751464844,141.1372675844177,-226.98618364403956,-67.27015252201818,121.70469665527344,-84.12421417236328,26.979631423950195,0.6515387892723083,2.58896803855896,0.0,23.691349029541016,136.25413513183594,212.79891967773438,0.18359898030757904,0.08492502570152283,-0.018303275108337402,0.9791548252105713,1
12851,-19.135169982910156,233.84820556640625,-99.3412094116211,11.233545303344727,181.66436767578125,169.15328979492188,203.72833945421735,-10.661048643989488,76.35285974666476,137.65139770507812,38.887325286865234,-1.7366983890533447,0.6537508368492126,2.5903053283691406,0.0,25.148469924926758,136.4556427001953,213.21116638183594,0.18298280239105225,0.08541226387023926,-0.02257911115884781,0.9791384935379028,1
12853,-16.83765411376953,235.90367126464844,-97.92987823486328,13.416927337646484,183.70579528808594,168.054443359375,274.4139863702003,245.50365186936688,168.56859162740875,178.6735076904297,164.6561737060547,-53.34343719482422,0.6649774312973022,2.6037192344665527,0.0,26.86774444580078,138.56478881835938,212.2650604248047,0.18241968750953674,0.08334275335073471,-0.023940321058034897,0.9793895483016968,1
12854,-15.549724578857422,237.39675903320312,-97.03479766845703,14.522348403930664,185.29452514648438,167.2222442626953,153.77855260678916,178.27440845116507,106.87245710054412,164.25079345703125,190.0489044189453,-98.79253387451172,0.667931854724884,2.611018180847168,0.0,27.870779037475586,140.1241455078125,211.42381286621094,0.18067386746406555,0.08264961838722229,-0.02618969976902008,0.9797142744064331,1
12857,-11.453453063964844,244.97666931152344,-94.94939422607422,17.40592384338379,191.20819091796875,164.3700714111328,489.1070446885424,905.0639103767462,249.00339515553787,136.39785766601562,274.193115234375,-124.39252471923828,0.6754603981971741,2.6196959018707275,0.0,30.440881729125977,145.94090270996094,208.4936981201172,0.19655683636665344,0.07584574818611145,-0.0318271741271019,0.9770362377166748,1
12859,-9.003181457519531,250.48916625976562,-94.09780883789062,19.022674560546875,195.78561401367188,162.47999572753906,292.841704540886,658.8204337647185,101.77635654015467,132.2128448486328,271.1078796386719,-104.15123748779297,0.6782516837120056,2.627007484436035,0.0,31.744226455688477,150.13916015625,206.2379913330078,0.20392408967018127,0.07048925757408142,-0.031500764191150665,0.9759374856948853,1
12860,-7.911354064941406,253.35128784179688,-93.71531677246094,19.80122184753418,198.04986572265625,161.77725219726562,130.4280166614335,341.9046306456439,45.69191231310833,125.19131469726562,270.71466064453125,-83.31745910644531,0.6793724298477173,2.629031181335449,0.0,32.372066497802734,152.1364288330078,205.3292236328125,0.2087770253419876,0.06820842623710632,-0.030385872349143028,0.9751084446907043,1
12862,-5.991138458251953,258.82647705078125,-93.23410034179688,21.28131866455078,201.98587036132812,160.41404724121094,229.31293533928692,653.8493410199881,57.46706352382898,115.12580871582031,212.88377380371094,-84.8387222290039,0.6858288645744324,2.636586904525757,0.0,33.492637634277344,155.70498657226562,203.6334686279297,0.2255891114473343,0.06380680203437805,-0.02411678433418274,0.9718315601348877,1
12864,-4.208274841308594,262.50909423828125,-92.8699951171875,22.6735782623291,204.66709899902344,159.1715087890625,213.02337922665174,440.0132181867957,43.50468796561472,110.57861328125,134.59442138671875,-77.35362243652344,0.6935082077980042,2.6418590545654297,0.0,34.65620040893555,158.0602264404297,202.10374450683594,0.23611153662204742,0.06074335798621178,-0.02078171819448471,0.9696028828620911,1
12866,-2.7494163513183594,263.8532409667969,-92.72708892822266,23.95960235595703,206.07235717773438,158.801025390625,174.21747923456132,160.51855362951756,17.06591570004821,102.94441223144531,53.654266357421875,-12.25731372833252,0.7001640200614929,2.6500096321105957,0.0,35.660526275634766,159.01072692871094,201.2934112548828,0.23477517068386078,0.05850929021835327,-0.01630934327840805,0.9701501131057739,1
12868,-1.3642730712890625,263.296875,-92.95621490478516,24.953184127807617,205.74037170410156,158.87557983398438,165.37707427615533,-66.42646803567186,-27.35614733211696,89.61317443847656,-38.54354476928711,14.394319534301758,0.7014080286026001,2.6538870334625244,0.0,36.40011215209961,158.4844970703125,201.22203063964844,0.23150849342346191,0.05654310807585716,-0.017354605719447136,0.9710332155227661,1
12870,-0.24361419677734375,260.59405517578125,-93.45489501953125,25.800325393676758,204.00637817382812,159.68194580078125,133.87572926224675,-322.8832459738478,-59.57313643663656,83.3642349243164,-108.57867431640625,74.68766021728516,0.7032859325408936,2.656798839569092,0.0,37.07963943481445,156.69406127929688,201.96385192871094,0.21923501789569855,0.05508625507354736,-0.01824469119310379,0.973944902420044,1
12872,0.9887161254882812,256.473388671875,-94.29380798339844,26.603988647460938,201.1860809326172,160.94154357910156,147.1888315549586,-492.1700594224967,-100.19928642257582,75.33796691894531,-190.47718811035156,89.8725357055664,0.6958441734313965,2.6546669006347656,0.0,37.766056060791016,153.86875915527344,203.2457275390625,0.2068788707256317,0.05400645360350609,-0.022888032719492912,0.9766066670417786,1
12874,2.0288658142089844,251.5478973388672,-95.33711242675781,27.509157180786133,197.54983520507812,162.6046905517578,124.26457368169213,-588.4384596815798,-124.64146581990644,89.31878662109375,-220.9424285888672,102.41441345214844,0.6936147212982178,2.6523492336273193,0.0,38.344512939453125,150.32766723632812,204.99737548828125,0.192938894033432,0.05334695801138878,-0.024471303448081017,0.9794538617134094,1
12875,2.6738128662109375,248.81690979003906,-95.77517700195312,28.089448928833008,195.85096740722656,163.5434112548828,76.97898610672564,-325.9626537191216,-52.28610122820828,101.05802917480469,-201.33843994140625,112.0165786743164,0.6920046210289001,2.651890277862549,0.0,38.762718200683594,148.6194610595703,205.9340362548828,0.1806306689977646,0.053539544343948364,-0.02590171992778778,0.9817510843276978,1
12877,4.268241882324219,245.09817504882812,-96.43708038330078,29.540050506591797,192.8644256591797,164.88172912597656,190.4200060138828,-444.12230624828953,-79.05002015334321,123.27537536621094,-176.5084991455078,67.95683288574219,0.6881130337715149,2.650667428970337,0.0,40.025394439697266,145.68643188476562,207.31968688964844,0.17237620055675507,0.053898002952337265,-0.032128870487213135,0.9830306172370911,1
12879,6.085597991943359,243.2993621826172,-96.7859878540039,31.199573516845703,190.97537231445312,165.58596801757812,216.9775972845673,-214.7636842384236,-41.65672554052435,136.6475830078125,-95.73884582519531,35.75510025024414,0.6858888864517212,2.649035930633545,0.0,41.60540771484375,143.98455810546875,208.1839599609375,0.17321962118148804,0.05348065122961998,-0.03656422719359398,0.9827501177787781,1
12881,8.258426666259766,243.12115478515625,-96.61554718017578,33.25163650512695,190.76406860351562,165.8662872314453,259.0641653429484,-21.247487768763676,20.321469164919108,158.62826538085938,16.69986343383789,-1.2583434581756592,0.6873782277107239,2.6526100635528564,0.0,43.592742919921875,143.98985290527344,208.65676879882812,0.1725752055644989,0.0532379113137722,-0.0396270677447319,0.9827579855918884,1
12883,10.924093246459961,245.0997314453125,-95.63145446777344,35.498817443847656,192.27932739257812,165.24147033691406,317.50085698279145,235.66330083133653,117.21281343250303,166.54396057128906,108.86267852783203,-52.53565979003906,0.686099112033844,2.655665636062622,0.0,45.67420196533203,145.7336883544922,208.2489013671875,0.17892765998840332,0.04907938465476036,-0.03975759074091911,0.9818326830863953,1
12885,13.648078918457031,247.94642639160156,-94.3638687133789,37.858978271484375,194.58160400390625,163.98114013671875,324.65332102932734,339.2782046436332,151.07492270763032,181.74591064453125,134.68431091308594,-70.39680480957031,0.685192883014679,2.661187171936035,0.0,47.783199310302734,148.11386108398438,207.0370330810547,0.18489837646484375,0.04737183079123497,-0.039281055331230164,0.9808290004730225,1
12886,14.993446350097656,249.39602661132812,-93.6829605102539,39.1453742980957,195.88479614257812,163.32000732421875,160.29637447558343,172.71538926567882,81.12810949981213,185.87001037597656,155.93954467773438,-78.35531616210938,0.684500515460968,2.663156509399414,0.0,48.93561553955078,149.4564208984375,206.45001220703125,0.18672075867652893,0.04794314503669739,-0.039436325430870056,0.9804496765136719,1
12888,17.357563018798828,253.0211944580078,-92.57534790039062,41.18446350097656,199.13763427734375,162.0499725341797,281.87497306705336,432.23082120891195,132.06128052278655,146.20997619628906,207.212890625,-59.097076416015625,0.6891425251960754,2.6689374446868896,0.0,50.6795654296875,152.79354858398438,205.32704162597656,0.19228215515613556,0.04534003138542175,-0.03662734478712082,0.9796072244644165,1
12890,19.16362762451172,257.5482482910156,-92.49352264404297,42.59297180175781,202.9361572265625,161.54168701171875,215.59802532277536,540.4147026850842,9.76784752565436,109.21279907226562,234.13377380371094,-14.560396194458008,0.6921865344047546,2.6690890789031982,0.0,51.95044708251953,156.53363037109375,204.754638671875,0.20028086006641388,0.04186492785811424,-0.03248210251331329,0.9783045649528503,1
12892,20.586122512817383,262.24981689453125,-93.06285858154297,43.49979019165039,206.45323181152344,161.26220703125,169.94032182710362,561.6794043635018,-68.01650623977184,83.65792083740234,196.4357452392578,-10.957857131958008,0.6961795091629028,2.6718616485595703,0.0,52.78211212158203,159.93807983398438,204.34495544433594,0.21313591301441193,0.038020700216293335,-0.030447570607066154,0.9758076071739197,1
12894,21.41253662109375,265.3191223144531,-94.30445861816406,44.2436637878418,208.8430938720703,161.5884246826172,98.6946398087457,366.5523008967284,-148.27828708832385,72.75892639160156,126.4825439453125,29.944204330444336,0.6981905698776245,2.672642230987549,0.0,53.45731735229492,161.984130859375,204.33152770996094,0.21982601284980774,0.037855297327041626,-0.02644585818052292,0.9744455218315125,1
12896,21.934776306152344,266.78509521484375,-95.43952941894531,44.67463302612305,210.09776306152344,162.31736755371094,62.37269941682462,175.0856736577116,-135.56501334439963,56.26533508300781,66.46815490722656,52.821685791015625,0.6993993520736694,2.674337387084961,0.0,53.82709503173828,162.918212890625,204.7411651611328,0.2219330370426178,0.036840230226516724,-0.022837385535240173,0.9740980267524719,1
12898,22.27313232421875,266.80438232421875,-96.79154205322266,44.99279022216797,210.04061889648438,163.5228729248047,40.43344090087339,2.3048036843538284,-161.56509719463065,49.295555114746094,-18.29500389099121,80.39131927490234,0.6995181441307068,2.6731672286987305,0.0,54.01941680908203,162.55023193359375,205.6444091796875,0.22174841165542603,0.03704860806465149,-0.022481754422187805,0.974140465259552,1
12899,22.403488159179688,266.15826416015625,-97.55931854248047,45.08124542236328,209.5352783203125,164.23602294921875,15.563017963431776,-77.13922891765833,-91.66386221069843,42.763648986816406,-60.1088981628418,85.81336212158203,0.6994320154190063,2.674443244934082,0.0,54.0633544921875,161.9727020263672,206.26458740234375,0.21955373883247375,0.036771953105926514,-0.022830583155155182,0.9746397733688354,1
12901,22.700971603393555,262.857666015625,-98.64237976074219,45.22182083129883,207.29991149902344,165.53294372558594,35.51569938578177,-394.0489925555885,-129.30358778731897,47.07620620727539,-152.38568115234375,80.51631164550781,0.6949656009674072,2.6796412467956543,0.0,54.0509033203125,159.62806701660156,207.4147186279297,0.20646175742149353,0.03646480664610863,-0.02455674670636654,0.9774665236473083,1
12903,23.178136825561523,259.0332336425781,-99.61024475097656,45.57636260986328,203.705810546875,166.9275665283203,56.989317024243064,-456.7637766120024,-115.59510668972507,52.290977478027344,-240.12506103515625,86.07505798339844,0.688202977180481,2.6746838092803955,0.0,54.2308349609375,156.15719604492188,208.9076385498047,0.20629088580608368,0.037063002586364746,-0.027903199195861816,0.9773902893066406,1
12905,23.859434127807617,254.61376953125,-100.67566680908203,46.105918884277344,199.4348602294922,168.2950897216797,81.31009789550444,-527.4452993620653,-127.15384540491505,67.92625427246094,-263.779052734375,84.35930633544922,0.6828455924987793,2.670478582382202,0.0,54.56278610229492,151.918212890625,210.3361053466797,0.20466576516628265,0.03793063759803772,-0.03324584662914276,0.9775315523147583,1
12906,24.333026885986328,252.52166748046875,-101.18113708496094,46.505977630615234,197.50485229492188,168.90672302246094,56.39202646542981,-249.11249629268423,-60.187772474542726,79.07528686523438,-225.89779663085938,72.29273986816406,0.682036817073822,2.6690139770507812,0.0,54.88227844238281,149.93798828125,210.9001922607422,0.201671302318573,0.03855341672897339,-0.03617390990257263,0.9780254364013672,1
12909,26.699337005615234,246.7561492919922,-101.87409973144531,48.24635314941406,192.83749389648438,170.12481689453125,282.5295064019738,-688.3835700273048,-82.73742010490969,115.04531860351562,-156.60003662109375,45.14044189453125,0.6842594742774963,2.673203468322754,0.0,56.446014404296875,145.5546112060547,212.4280548095703,0.1875796765089035,0.03765365481376648,-0.049164190888404846,0.9802953600883484,1
12910,27.86819839477539,245.66563415527344,-102.09244537353516,49.11358642578125,191.8334197998047,170.53256225585938,139.54702531686053,-130.19348983839154,-26.06766304979101,136.04505920410156,-119.97257232666016,49.44572448730469,0.685002326965332,2.673175096511841,0.0,57.23043441772461,144.54737854003906,212.8417510986328,0.18598325550556183,0.03578260540962219,-0.05193416401743889,0.9805267453193665,1
12912,30.530052185058594,243.94879150390625,-102.1412582397461,51.279640197753906,190.76576232910156,171.02049255371094,317.6520759264531,-204.8792590474477,-5.8250788756413385,167.10752868652344,-41.706809997558594,26.580341339111328,0.6864541172981262,2.675712823867798,0.0,59.139705657958984,143.65130615234375,213.5471954345703,0.17803263664245605,0.03455957770347595,-0.056795883923769,0.9817760586738586,1
12914,33.986820220947266,244.51304626464844,-101.81713104248047,53.65251159667969,191.158447265625,170.89138793945312,412.8305726630206,67.38711235078517,38.70945781539194,174.32069396972656,38.537174224853516,-18.145998001098633,0.6885802745819092,2.679438591003418,0.0,61.23027801513672,144.1847686767578,213.61672973632812,0.17965592443943024,0.028684347867965698,-0.05955971032381058,0.9815057516098022,1
12916,37.897727966308594,246.3828582763672,-101.41039276123047,56.454505920410156,192.862548828125,170.25344848632812,467.2220099676051,223.37968145962805,48.591552056372166,203.9967041015625,112.73574829101562,-44.518333435058594,0.6875460147857666,2.683298349380493,0.0,63.56877136230469,145.92530822753906,213.06072998046875,0.17763647437095642,0.024716345593333244,-0.06371042132377625,0.9817206263542175,1
12918,41.6520881652832,248.47874450683594,-100.79820251464844,59.29290008544922,194.68893432617188,169.5654754638672,448.4662485582812,250.35803315835074,73.12741685350193,198.23760986328125,99.87505340576172,-40.62865447998047,0.6867812275886536,2.6886863708496094,0.0,65.86021423339844,147.72686767578125,212.45555114746094,0.1782957762479782,0.02114948444068432,-0.06643959134817123,0.9815034866333008,1
12920,44.86859893798828,250.79196166992188,-100.9716796875,61.76195526123047,196.67193603515625,169.16275024414062,384.07627475910704,276.2160283267731,-20.714516758336686,172.55679321289062,120.7213134765625,-17.33687973022461,0.6913567185401917,2.687424421310425,0.0,67.83322143554688,149.7725372314453,212.21099853515625,0.18392926454544067,0.018271028995513916,-0.06746532022953033,0.980451226234436,1
12921,46.15560531616211,252.0118865966797,-100.98165130615234,62.731407165527344,197.80929565429688,169.0446014404297,153.76624371987418,145.75162702298257,-1.191368100407999,148.43838500976562,136.6319580078125,-13.5425386428833,0.6925464868545532,2.687831401824951,0.0,68.59262084960938,150.9130401611328,212.12864685058594,0.18577337265014648,0.016747981309890747,-0.06808550655841827,0.9800878167152405,1
12923,48.04153823852539,254.02317810058594,-101.12308502197266,64.3313217163086,199.88108825683594,169.0901641845703,225.30259556195233,240.27853318024427,-16.896350287133828,116.74334716796875,117.54271697998047,9.825543403625488,0.6928152441978455,2.6918551921844482,0.0,69.71257781982422,152.81036376953125,212.03370666503906,0.18420593440532684,0.01639080047607422,-0.0689048320055008,0.9803324341773987,1
12925,48.94935607910156,255.0428009033203,-101.79261779785156,65.17474365234375,200.85546875,169.37989807128906,108.35447145657963,121.69918340141885,-79.9134659076226,68.27542114257812,41.06162643432617,8.84146785736084,0.6961441040039062,2.691617012023926,0.0,70.27449798583984,153.6879425048828,212.22927856445312,0.18392151594161987,0.016978293657302856,-0.07029736042022705,0.9802769422531128,1
12927,49.17072296142578,254.99942016601562,-102.41822052001953,65.40093231201172,201.01675415039062,169.8457489013672,26.38391195272561,-5.170391982188448,-74.56330850289669,46.1202278137207,5.711261749267578,35.283016204833984,0.6966169476509094,2.6915204524993896,0.0,70.39777374267578,153.75318908691406,212.5842742919922,0.1814437061548233,0.017367929220199585,-0.07144773751497269,0.9806486368179321,1
12929,49.287567138671875,254.30418395996094,-103.40961456298828,65.66806030273438,200.42074584960938,170.70982360839844,13.934535517764743,-82.91207858908456,-118.23109913943335,48.91192626953125,-52.938053131103516,61.557769775390625,0.6939675807952881,2.6909618377685547,0.0,70.62092590332031,153.1148223876953,213.36679077148438,0.17969968914985657,0.018841294571757317,-0.07179845124483109,0.9809169173240662,1
12931,49.628379821777344,251.59739685058594,-103.85177612304688,66.02608489990234,198.4044647216797,171.29727172851562,40.68109739024658,-323.09557557478547,-52.77860355156008,60.45701599121094,-131.80245971679688,27.72236442565918,0.6930303573608398,2.6943905353546143,0.0,70.95846557617188,151.27012634277344,214.0951690673828,0.1730586588382721,0.018993377685546875,-0.07586321979761124,0.9818017482757568,1
12932,50.093223571777344,250.28253173828125,-103.82071685791016,66.42155456542969,197.253173828125,171.39027404785156,55.38176426291466,-156.65382117580157,3.7004195495392196,79.50778198242188,-137.46998596191406,11.747490882873535,0.6912903189659119,2.694244384765625,0.0,71.34121704101562,150.1668701171875,214.2422637939453,0.17134137451648712,0.01936843991279602,-0.07889169454574585,0.9818569421768188,1
12934,52.25160217285156,247.07151794433594,-103.54729461669922,67.94575500488281,195.22828674316406,171.67919921875,257.3378890301683,-382.8408560802927,32.59942548174877,136.0933074951172,-121.9896240234375,21.891311645507812,0.6929824948310852,2.6951963901519775,0.0,72.80680084228516,148.31097412109375,214.6989288330078,0.161301851272583,0.016652464866638184,-0.08555421233177185,0.9830487966537476,1
12936,55.64717102050781,244.74745178222656,-103.4885025024414,70.32122802734375,193.12127685546875,171.7449951171875,405.4948619310744,-277.5372639473062,7.0208855491364375,185.4493408203125,-120.81854248046875,-1.4141886234283447,0.6923601031303406,2.692570447921753,0.0,75.07247924804688,146.38055419921875,214.97996520996094,0.16000831127166748,0.013563215732574463,-0.09783715009689331,0.9821615219116211,1
12938,60.00136947631836,243.53387451171875,-103.47516632080078,73.47285461425781,191.51156616210938,171.7037811279297,519.9939849721268,-144.92974708601832,1.5926546081900597,238.9180145263672,-68.92190551757812,-6.525120258331299,0.6908164024353027,2.693110704421997,0.0,77.94165802001953,144.85690307617188,215.1001739501953,0.16247478127479553,0.01005372405052185,-0.10543063282966614,0.9810123443603516,1
12940,65.56257629394531,243.3109893798828,-103.32862854003906,77.4034423828125,190.84803771972656,171.2679901123047,664.0599503095436,-26.6145630661631,17.497977435879875,281.6448974609375,-24.516111373901367,-12.611882209777832,0.6930716633796692,2.700831413269043,0.0,81.27289581298828,144.0970458984375,214.5877227783203,0.1634203940629959,0.0010638535022735596,-0.1148708388209343,0.9798455834388733,1
12941,68.48628234863281,243.45529174804688,-103.30669403076172,79.72474670410156,191.0953369140625,171.20201110839844,349.31240854319185,17.240655127097853,2.6206452093902044,311.2998352050781,29.99357032775879,-7.313272953033447,0.6970788240432739,2.707146406173706,0.0,83.10556030273438,144.20193481445312,214.3818359375,0.16218674182891846,-0.0009923577308654785,-0.11668282747268677,0.9798365235328674,1
12943,74.84556579589844,245.0626678466797,-103.30517578125,84.92733764648438,192.7579803466797,171.0531463623047,759.720603920985,192.02741165854968,0.18137978052254766,346.25164794921875,121.68245697021484,-5.673421859741211,0.6982614994049072,2.7133982181549072,0.0,87.65453338623047,145.71673583984375,214.0106658935547,0.15877044200897217,-0.007022231817245483,-0.12021559476852417,0.9799442887306213,1
12945,81.27264404296875,248.27110290527344,-103.04341125488281,90.18753051757812,195.85028076171875,170.8314971923828,767.2901796043152,383.0357462163083,31.25049092748668,349.2360534667969,203.24693298339844,-2.9345452785491943,0.693146288394928,2.7211711406707764,0.0,92.07431030273438,148.7270965576172,213.69216918945312,0.15978793799877167,-0.015249938704073429,-0.11921369284391403,0.9798077940940857,1
12947,87.06944274902344,252.08364868164062,-102.93365478515625,95.11177825927734,200.3237762451172,170.8769073486328,691.9622853248147,455.1025526494486,13.101599947200157,318.5624084472656,302.0087890625,23.651811599731445,0.6917620301246643,2.734691619873047,0.0,96.21730041503906,153.1360626220703,213.62245178222656,0.14842216670513153,-0.021958766505122185,-0.11608493328094482,0.9818416237831116,1
12949,91.56959533691406,256.7205810546875,-102.80792236328125,98.861328125,205.54818725585938,170.83216857910156,537.6026784074493,553.942830750253,15.02039885148406,240.14915466308594,330.1083679199219,-9.905525207519531,0.6888612508773804,2.750335216522217,0.0,99.52571105957031,158.02854919433594,213.25238037109375,0.14066360890865326,-0.0277368426322937,-0.1105501800775528,0.9834749698638916,1
12951,94.96200561523438,263.7229309082031,-103.92420959472656,101.39176940917969,211.48068237304688,170.84056091308594,405.2252091350965,836.434408291243,-133.34110255120322,165.30735778808594,362.6475524902344,8.30296802520752,0.6920742392539978,2.7551774978637695,0.0,101.664306640625,163.5717315673828,212.78480529785156,0.15637999773025513,-0.037517573684453964,-0.09854264557361603,0.9820525050163269,1
12952,96.18992614746094,271.21173095703125,-105.52710723876953,102.07859802246094,214.43637084960938,170.88951110839844,97.84875835804269,407.66262746602297,-97.7922863070853,113.97283935546875,352.16876220703125,6.452157020568848,0.6958901286125183,2.7536110877990723,0.0,102.14120483398438,166.29335021972656,212.4957733154297,0.16222049295902252,-0.041706230491399765,-0.08987876027822495,0.9817672371864319,1
12954,95.88907623291016,273.7767028808594,-105.50730895996094,102.20693969726562,220.0172882080078,170.93991088867188,12.838601259281859,793.138635228388,-91.26745258399751,1.3664588928222656,309.5812683105469,-26.884984970092773,0.6997112035751343,2.7472760677337646,0.0,102.19877624511719,171.48321533203125,212.1331787109375,0.17203392088413239,-0.04442375898361206,-0.07906270027160645,0.9809077382087708,1
12956,94.25071716308594,280.10076904296875,-105.90666961669922,100.80088806152344,225.2202606201172,170.60194396972656,-195.56787674099905,754.8920224343892,-47.67093925300287,-71.79873657226562,305.6868896484375,-8.122353553771973,0.7046120762825012,2.7416441440582275,0.0,100.98554992675781,176.48434448242188,211.63111877441406,0.18442367017269135,-0.04390472173690796,-0.07448707520961761,0.9790362119674683,1
12958,90.23948669433594,284.5910949707031,-106.19235229492188,98.07061767578125,229.5172576904297,170.29591369628906,-478.81949035450816,536.0089850218501,-34.10186361899832,-149.44149780273438,231.13563537597656,-14.030725479125977,0.7108216881752014,2.7383201122283936,0.0,98.73361206054688,180.39651489257812,210.83892822265625,0.18823784589767456,-0.039357781410217285,-0.06736166775226593,0.9790198802947998,1
12960,84.70207214355469,287.1603698730469,-106.48539733886719,93.87760925292969,232.21026611328125,170.21463012695312,-661.4295336883515,306.8930969480425,-35.00345603330061,-231.09063720703125,152.37136840820312,13.131366729736328,0.7127137184143066,2.738987922668457,0.0,95.54256439208984,182.7989044189453,210.35325622558594,0.18958549201488495,-0.03548288345336914,-0.06186676025390625,0.9792705774307251,1
12962,78.41358947753906,288.1371154785156,-106.9329833984375,89.2217025756836,233.8760223388672,170.5172882080078,-750.9831585176289,116.64491083472967,-53.451621094718575,-249.78585815429688,80.85818481445312,24.538618087768555,0.7100382447242737,2.740385055541992,0.0,92.0937728881836,184.339599609375,210.4056396484375,0.18700706958770752,-0.027891961857676506,-0.05566615238785744,0.9803834557533264,1
12964,72.06446838378906,287.21282958984375,-107.2899398803711,84.65711975097656,233.73287963867188,170.93991088867188,-758.1442619003356,-110.36835374613293,-42.623932435701136,-228.6234130859375,-15.047673225402832,41.27370071411133,0.7064138054847717,2.7397210597991943,0.0,88.71311950683594,184.0355224609375,210.5474395751953,0.1824195235967636,-0.01977255754172802,-0.04799259826540947,0.981849730014801,1
12965,66.66436004638672,284.92413330078125,-107.43523406982422,82.57460021972656,233.2129364013672,171.07740783691406,-354.87751195789315,-146.45813774131238,9.620014383806847,-216.1947021484375,-61.75588607788086,17.02098274230957,0.7033053040504456,2.740598678588867,0.0,87.27890014648438,183.57603454589844,210.69090270996094,0.17700280249118805,-0.01474872138351202,-0.04617542773485184,0.9830159544944763,1
12967,64.27320861816406,283.5076904296875,-107.79080963134766,78.92465209960938,230.8832550048828,171.70489501953125,-575.6382823985768,-296.0605641105212,-69.45561002852628,-168.92193603515625,-142.38232421875,49.43212127685547,0.6993755102157593,2.736809730529785,0.0,84.96591186523438,181.69459533691406,211.5327606201172,0.18143412470817566,-0.011231303215026855,-0.041415296494960785,0.982466459274292,1
12969,61.064453125,279.7429504394531,-107.65265655517578,76.48146057128906,227.42286682128906,172.05020141601562,-382.9825649524573,-449.34236370166764,16.489327273797244,-78.1925048828125,-211.777587890625,21.14937973022461,0.6960716247558594,2.74163556098938,0.0,83.64157104492188,178.6810302734375,212.14337158203125,0.18299424648284912,-0.008415400050580502,-0.03743019327521324,0.9823651313781738,1
12971,59.77762222290039,274.6509704589844,-108.13561248779297,76.10107421875,224.146728515625,173.15414428710938,-153.65552477320307,-608.0137295094319,-57.66790892847348,34.89075469970703,-191.52735900878906,66.29167175292969,0.699955940246582,2.747333526611328,0.0,83.88470458984375,175.6922149658203,213.5247039794922,0.16430512070655823,-0.0030302999075502157,-0.03713815286755562,0.985705554485321,1
12973,61.29524612426758,270.0382080078125,-107.92750549316406,77.77076721191406,220.7393341064453,174.08021545410156,180.79865316592623,-549.5309066988993,24.792350930569228,164.6065673828125,-203.15274047851562,72.00690460205078,0.7050585150718689,2.7544569969177246,0.0,85.67391967773438,172.4601593017578,214.63027954101562,0.15013329684734344,-0.001143127679824829,-0.04384567216038704,0.9876923561096191,1
12975,65.86698913574219,266.86328125,-108.53292846679688,81.23653411865234,217.52191162109375,175.2584228515625,544.9326738576929,-378.43800998758525,-72.16389001056086,267.73504638671875,-183.96279907226562,89.874755859375,0.7040876746177673,2.7549314498901367,0.0,89.03819274902344,169.39305114746094,215.93760681152344,0.15392529964447021,-0.0075682103633880615,-0.050924625247716904,0.9867402911186218,1
12977,73.16773986816406,261.9510192871094,-109.07977294921875,86.74703979492188,214.41842651367188,177.0797119140625,869.8043081653304,-585.2420901297592,-65.15051727415994,387.8338623046875,-185.6434326171875,109.40863800048828,0.6881818771362305,2.7616868019104004,0.0,93.58268737792969,166.21783447265625,217.75302124023438,0.13017678260803223,-0.0190466046333313,-0.052276983857154846,0.9899284839630127,1
12978,77.84127807617188,260.3633117675781,-109.4945297241211,90.11189270019531,212.91510009765625,177.77615356445312,556.9334878725931,-189.2030079178512,-49.42549455771223,435.0293884277344,-179.7148895263672,83.99540710449219,0.6812129020690918,2.759874105453491,0.0,96.46107482910156,164.6915740966797,218.4537811279297,0.1294252872467041,-0.026501178741455078,-0.05392920970916748,0.9897668361663818,1
12980,88.58113861083984,256.15289306640625,-110.58214569091797,98.05189514160156,209.93435668945312,179.4243621826172,1280.4179032778484,-501.97071627457626,-129.66676348191686,525.1961669921875,-183.1455841064453,70.81079864501953,0.6731605529785156,2.7648472785949707,0.0,102.88883972167969,161.53009033203125,220.1372528076172,0.11080313473939896,-0.040060073137283325,-0.06406636536121368,0.9909658432006836,1
12982,100.31900024414062,254.36976623535156,-111.6919937133789,106.57356262207031,207.5596923828125,180.26287841796875,1402.5032402691431,-213.05764512252063,-132.61064888443798,554.9964599609375,-125.45442199707031,65.76359558105469,0.6716996431350708,2.767188787460327,0.0,109.98033142089844,159.38558959960938,221.30731201171875,0.11544135957956314,-0.053534265607595444,-0.0848807841539383,0.9882320761680603,1
12984,111.61721801757812,252.63865661621094,-113.59044647216797,115.29838562011719,206.1339874267578,181.887451171875,1349.685515863821,-206.79841955425218,-226.78923724708147,562.3143920898438,-48.10880661010742,111.41323852539062,0.6579391956329346,2.765634536743164,0.0,116.92408752441406,158.1298065185547,223.25860595703125,0.11083462834358215,-0.06347981095314026,-0.1007397323846817,0.9866800308227539,1
12986,121.37100219726562,251.12255859375,-115.1883544921875,123.19256591796875,205.5778350830078,183.77891540527344,1164.0595060093328,-180.93780655541923,-190.70137150521623,469.6077880859375,-49.367916107177734,111.95278930664062,0.6553004384040833,2.777780771255493,0.0,123.01220703125,157.4728546142578,225.13491821289062,0.09599632769823074,-0.06806430220603943,-0.11080588400363922,0.9868505597114563,1
12988,129.6523895263672,249.7845916748047,-116.83883666992188,129.36053466796875,205.0504608154297,185.64500427246094,988.8617262499174,-159.76360295142513,-197.08034301013686,372.178955078125,-33.19432830810547,126.83980560302734,0.6568992733955383,2.7926418781280518,0.0,127.69450378417969,157.17105102539062,227.11024475097656,0.08702924847602844,-0.07965859025716782,-0.11897724121809006,0.9858624935150146,1
12989,132.3894500732422,248.9538116455078,-117.77420043945312,131.57928466796875,204.638916015625,186.67686462402344,326.7698471099138,-99.18445664830506,-111.67041091248393,298.0736999511719,-49.05538558959961,124.27090454101562,0.6517160534858704,2.8027656078338623,0.0,128.9123077392578,156.70156860351562,227.97711181640625,0.08039841800928116,-0.08100974559783936,-0.1186867207288742,0.9863503575325012,1
12991,136.26943969726562,247.81494140625,-119.34171295166016,133.91854858398438,203.4730682373047,188.1810760498047,463.2516145531554,-135.97548659308814,-187.15325876546558,117.72030639648438,-70.63377380371094,72.83671569824219,0.6397358775138855,2.814122200012207,0.0,130.15609741210938,155.76348876953125,229.5649871826172,0.07985518872737885,-0.08662929385900497,-0.12562812864780426,0.9850564002990723,1
12993,135.78179931640625,245.97447204589844,-120.74978637695312,133.02706909179688,201.99708557128906,189.36212158203125,-58.20949966809712,-219.69632710015867,-168.081341905694,-70.05978393554688,-90.25685119628906,57.97628402709961,0.633114755153656,2.8225555419921875,0.0,128.75498962402344,154.61485290527344,230.97311401367188,0.07556941360235214,-0.08871233463287354,-0.12810185551643372,0.9848905205726624,1
12995,130.87168884277344,244.92184448242188,-121.9305419921875,129.2593231201172,200.87747192382812,189.96986389160156,-586.8346223859116,-125.80537689384073,-141.11867325939238,-218.26959228515625,-63.14100646972656,22.254838943481445,0.6248962879180908,2.826789617538452,0.0,124.61634826660156,153.4867401123047,231.2340545654297,0.06957678496837616,-0.07765229791402817,-0.12171537429094315,0.9870737195014954,1
12997,123.0997314453125,245.3297119140625,-122.79553985595703,122.387451171875,199.43772888183594,190.13095092773438,-928.2412223874126,48.71351500740275,-103.31074057228398,-412.3302917480469,-79.0506591796875,-16.190454483032227,0.6095618009567261,2.8135974407196045,0.0,118.45562744140625,151.94732666015625,231.36904907226562,0.09236282110214233,-0.07574394345283508,-0.11553236842155457,0.9860954284667969,1
12999,111.89955139160156,244.69149780273438,-122.77867889404297,112.49824523925781,197.26136779785156,189.51075744628906,-1338.0982568272157,-76.24816616834141,2.014398307655938,-619.8361206054688,-153.40359497070312,-44.93700408935547,0.57380610704422,2.79215407371521,0.0,110.26766967773438,149.72686767578125,230.9858856201172,0.11890562623739243,-0.07252892106771469,-0.10691294819116592,0.9844646453857422,1
13001,97.13626098632812,242.3897247314453,-121.26707458496094,100.6229248046875,194.53990173339844,188.0796356201172,-1763.5764779612655,-274.9626089235535,180.57152100250823,-682.6486206054688,-144.26950073242188,-122.66307067871094,0.5589568614959717,2.781799554824829,0.0,99.55087280273438,147.3263397216797,230.1768798828125,0.1197633445262909,-0.05833372473716736,-0.0962633416056633,0.9864012002944946,1
13002,89.27629089355469,241.35238647460938,-121.1513442993164,93.68074035644531,192.93441772460938,187.57896423339844,-938.5038880943321,-123.86128392582759,13.818541516782716,-794.4508056640625,-190.91624450683594,-58.993797302246094,0.5603907108306885,2.770143985748291,0.0,93.25340270996094,146.00709533691406,230.0543975830078,0.13233643770217896,-0.05659782513976097,-0.09270994365215302,0.985235333442688,1
13004,71.19734191894531,238.34910583496094,-120.05988311767578,79.28678894042969,189.70425415039062,186.25575256347656,-2158.193706313381,-358.51981129462365,130.29433603747748,-863.4537963867188,-230.95823669433594,-96.0218276977539,0.5902029275894165,2.764993190765381,0.0,80.4922866821289,142.9320526123047,228.97991943359375,0.1372103989124298,-0.036458734422922134,-0.08803192526102066,0.9859485030174255,1
13006,51.609535217285156,235.3897247314453,-119.1527099609375,62.637535095214844,186.44308471679688,185.1717529296875,-2339.556472035183,-353.46679285750724,108.35224496695446,-1025.2850341796875,-210.2660369873047,-93.07434844970703,0.6102027893066406,2.7514960765838623,0.0,66.7568359375,140.70843505859375,228.55862426757812,0.15558584034442902,-0.02883198857307434,-0.08106981217861176,0.9840677976608276,1
13008,29.457521438598633,229.99058532714844,-119.13675689697266,44.58187484741211,181.9669189453125,185.26881408691406,-2645.1570048617577,-644.7075899366755,1.904944594076369,-1057.8812255859375,-272.0845947265625,28.28274154663086,0.6054065227508545,2.7083892822265625,0.0,52.07990264892578,136.9571075439453,229.1316375732422,0.15416263043880463,-0.004727690946310759,-0.07053776830434799,0.9855130314826965,1
13010,6.7881927490234375,225.60250854492188,-120.0460205078125,26.456756591796875,177.26806640625,186.20567321777344,-2706.2829026963154,-523.8521763954777,-108.54862963769119,-1042.335693359375,-255.4397430419922,60.73606872558594,0.6285757422447205,2.655435562133789,0.0,36.55791091918945,132.82997131347656,230.39012145996094,0.1544213742017746,0.01652499847114086,-0.051334403455257416,0.9865321516990662,1
13012,-16.704364776611328,220.3258056640625,-121.66594696044922,8.044464111328125,172.6088104248047,187.7327117919922,-2805.4908553306013,-630.1460223048925,-193.45228139683604,-1084.23095703125,-280.9988098144531,104.74502563476562,0.6384831070899963,2.5369760990142822,0.0,21.228713989257812,128.65809631347656,232.09425354003906,0.15377898514270782,0.03621312975883484,-0.01863297075033188,0.9872656464576721,1
13013,-27.801528930664062,218.15122985839844,-123.4638442993164,-1.4146842956542969,170.23040771484375,188.75018310546875,-1324.9466389024747,-259.633620333625,-214.660070190439,-1092.1519775390625,-282.4461669921875,121.56246948242188,0.6372214555740356,2.415073871612549,0.0,14.207666397094727,126.85675811767578,233.02476501464844,0.1642347276210785,0.037521034479141235,0.0021282508969306946,0.9857051372528076,1
13015,-49.0044059753418,214.05397033691406,-127.98230743408203,-18.644268035888672,164.98529052734375,190.6064910888672,-2531.048800036893,-489.10172772500664,-539.3820221265778,-950.8529663085938,-324.83978271484375,120.73167419433594,0.6339421272277832,2.0897305011749268,0.0,0.6920261383056641,123.27971649169922,234.97027587890625,0.19172683358192444,0.061801012605428696,0.015136308036744595,0.979383647441864,1
13017,-67.5296630859375,210.20590209960938,-133.28822326660156,-33.55020523071289,160.8579864501953,193.54214477539062,-2212.851798880729,-459.6537942928262,-633.7944636668544,-829.6993408203125,-245.54769897460938,143.0251922607422,0.6344075798988342,1.8733563423156738,0.0,-11.411643981933594,119.68885803222656,237.08062744140625,0.20272918045520782,0.08406081795692444,0.02183496206998825,0.975375771522522,1
13019,-82.70660400390625,207.46566772460938,-137.26768493652344,-46.54422378540039,157.53890991210938,195.1453094482422,-1809.7470348025672,-326.7543216794729,-474.52375259133987,-711.572509765625,-204.77516174316406,129.26393127441406,0.6346771717071533,1.7672656774520874,0.0,-21.651256561279297,117.4362564086914,238.0053253173828,0.22682692110538483,0.09852384775876999,0.025876639410853386,0.9685932993888855,1
13021,-95.11421203613281,204.9286651611328,-141.8726043701172,-56.98171615600586,155.55857849121094,197.98159790039062,-1479.738554781652,-302.56440218014177,-549.1853715763427,-579.2510375976562,-106.72368621826172,172.10446166992188,0.6303254961967468,1.7202844619750977,0.0,-29.987457275390625,115.90619659423828,239.77633666992188,0.23209822177886963,0.11091408133506775,0.036735899746418,0.9656494855880737,1
13023,-105.06105041503906,203.1158447265625,-146.30235290527344,-65.15702819824219,154.39715576171875,200.52090454101562,-1185.5117071433924,-216.06059797748458,-527.9585882551037,-417.748291015625,-73.25873565673828,157.367431640625,0.6307388544082642,1.7144644260406494,0.0,-36.9982795715332,114.65770721435547,241.2989959716797,0.23370859026908875,0.12162014096975327,0.04981047287583351,0.9633834958076477,1
13025,-113.45710754394531,202.27613830566406,-150.7919464111328,-71.107421875,153.52084350585938,202.4552459716797,-1000.9871012843214,-100.11071664711926,-535.2542414108757,-294.4238586425781,-71.24771881103516,97.18968200683594,0.6277150511741638,1.7017009258270264,0.0,-41.81450271606445,113.99765014648438,242.5810089111328,0.25098916888237,0.13676710426807404,0.06655368208885193,0.9559653401374817,1
13026,-116.88955688476562,202.01641845703125,-152.56362915039062,-73.63177490234375,153.2449951171875,203.2566680908203,-408.9927899526665,-30.946864746161737,-211.10448967816774,-269.7590637207031,-32.736480712890625,96.48402404785156,0.624736487865448,1.6827492713928223,0.0,-43.743648529052734,114.05463409423828,243.1903076171875,0.26024654507637024,0.14230547845363617,0.07192941755056381,0.9522851705551147,1
13028,-120.89613342285156,201.69992065429688,-153.74989318847656,-76.55780029296875,153.01551818847656,204.33282470703125,-478.28299562679604,-37.78176100272685,-141.60965411411598,-120.38032531738281,-17.138338088989258,68.01286315917969,0.6197217702865601,1.673567533493042,0.0,-46.23569869995117,113.88231658935547,244.01712036132812,0.26085489988327026,0.15126349031925201,0.07483982294797897,0.9505119919776917,1
13030,-123.34625244140625,200.9480743408203,-155.85525512695312,-78.48233032226562,152.4036407470703,205.75880432128906,-292.41962621128187,-89.73221965553239,-251.27316119195893,-65.83522033691406,-33.61271286010742,85.68405151367188,0.6120113730430603,1.6469948291778564,0.0,-47.88644790649414,113.48466491699219,245.46560668945312,0.2619597017765045,0.15667055547237396,0.0739390105009079,0.9494021534919739,1
13032,-123.95924377441406,200.7903289794922,-157.7839813232422,-79.03810119628906,152.36080932617188,207.43824768066406,-73.19105385441799,-18.834767499240115,-230.28955761960242,39.26637649536133,-7.774677276611328,78.4344711303711,0.6072006821632385,1.6277337074279785,0.0,-48.142940521240234,113.45533752441406,246.97633361816406,0.2590423822402954,0.15863826870918274,0.07336140424013138,0.9499205350875854,1
13034,-123.33522033691406,200.88525390625,-158.52755737304688,-78.30224609375,152.4908447265625,208.1276397705078,74.56565898656845,11.342746590264142,-88.85121107380837,88.93687438964844,2.06364369392395,24.96453285217285,0.604979932308197,1.6358778476715088,0.0,-47.34328842163086,113.6122817993164,247.62069702148438,0.25928357243537903,0.16021820902824402,0.07352059334516525,0.9495772123336792,1
13036,-121.47245788574219,200.57797241210938,-158.43618774414062,-76.39363098144531,152.271484375,208.04307556152344,222.33091395301744,-36.67573146009818,10.905466281808913,174.89614868164062,-11.684884071350098,-8.801164627075195,0.6051876544952393,1.6575126647949219,0.0,-45.41360092163086,113.37937927246094,247.44874572753906,0.2573274075984955,0.1608290821313858,0.0733560174703598,0.9500187039375305,1
13037,-120.38697814941406,201.5595703125,-159.6529998779297,-75.25975036621094,152.17738342285156,208.16168212890625,129.6026465720497,117.19950313447043,-145.28329515713267,167.92506408691406,-11.00632381439209,14.821918487548828,0.6016837358474731,1.6530778408050537,0.0,-44.21780014038086,113.26753997802734,247.44021606445312,0.27212604880332947,0.16161876916885376,0.07132451981306076,0.9459067583084106,1
13039,-117.76275634765625,202.3691864013672,-161.7174072265625,-72.42329406738281,152.2282257080078,208.8515625,313.41891918028705,96.69495137711056,-246.55854909936897,214.0112762451172,-6.863095760345459,29.41851806640625,0.602287232875824,1.6465859413146973,0.0,-41.15560531616211,113.25094604492188,247.74435424804688,0.2824926972389221,0.16148445010185242,0.07507900148630142,0.9425941705703735,1
13041,-113.56739807128906,202.8260955810547,-163.1907958984375,-68.28337097167969,151.88473510742188,209.36532592773438,501.06460348446853,54.57007527537644,-175.9713621623814,314.0171813964844,-36.360076904296875,18.495973587036133,0.5975574851036072,1.6160054206848145,0.0,-36.389034271240234,112.67259979248047,247.3197784423828,0.29483819007873535,0.15232130885124207,0.08508814126253128,0.9394831657409668,1
13043,-103.50538635253906,202.7109832763672,-159.32765197753906,-61.91366958618164,152.141845703125,208.8712158203125,1201.402372162789,-13.744388277642429,461.2586826871848,425.63726806640625,41.971771240234375,-8.672911643981934,0.5974271893501282,1.6797813177108765,0.0,-30.534690856933594,112.55836486816406,246.69564819335938,0.2698841094970703,0.11879220604896545,0.07373755425214767,0.9526876211166382,1
13045,-92.71034240722656,204.42864990234375,-158.4563751220703,-53.786075592041016,153.42185974121094,208.77481079101562,1290.2271575704217,205.29607287514955,104.13529267534614,539.1520385742188,67.1004638671875,-12.003820419311523,0.5960603952407837,1.7592705488204956,0.0,-23.46756362915039,113.37580108642578,246.79714965820312,0.25891897082328796,0.09896698594093323,0.06328726559877396,0.9587289690971375,1
13046,-86.61396789550781,205.64137268066406,-158.97360229492188,-49.16610336303711,153.5892333984375,208.37527465820312,728.2151726353914,144.8603798332624,-61.78306044777855,582.32421875,20.190153121948242,-46.952857971191406,0.585399866104126,1.7550630569458008,0.0,-19.301380157470703,113.27986145019531,246.4517059326172,0.27138715982437134,0.09385894984006882,0.05729535594582558,0.9561677575111389,1
13048,-70.39347839355469,205.05982971191406,-155.02920532226562,-38.20157241821289,153.92758178710938,207.060302734375,1936.543688820675,-69.42967817187309,470.9165566600859,738.6650390625,-10.167740821838379,-83.43775177001953,0.5539058446884155,1.7714110612869263,0.0,-9.900768280029297,113.0072021484375,245.63941955566406,0.2485576868057251,0.060290515422821045,0.03949689865112305,0.9659317135810852,1
13050,-53.06027603149414,203.79005432128906,-148.237060546875,-24.92565155029297,154.61962890625,204.9455108642578,2069.2242939499556,-151.5848041959107,810.8409908157773,859.8262939453125,63.77829360961914,-129.60208129882812,0.527473509311676,1.8011045455932617,0.0,1.0314922332763672,113.36394500732422,244.49948120117188,0.2129414826631546,0.040066417306661606,0.021756527945399284,0.9760006666183472,1
13052,-33.31621170043945,203.1151123046875,-143.14564514160156,-9.649879455566406,154.92868041992188,201.29208374023438,2356.1249097490218,-80.54307721485384,607.5755457996856,945.086181640625,52.83378982543945,-204.58837890625,0.5014594197273254,1.8572689294815063,0.0,13.676643371582031,113.44135284423828,242.06455993652344,0.2022140473127365,0.016317009925842285,0.003480590647086501,0.979199230670929,1
13054,-10.355033874511719,200.77130126953125,-138.33181762695312,7.696359634399414,154.33935546875,197.6759033203125,2738.8716270867735,-279.5761433541775,574.2064147368073,1129.068115234375,-80.2813949584961,-263.04034423828125,0.4694995880126953,1.8283586502075195,0.0,27.420534133911133,112.26886749267578,239.853271484375,0.18544989824295044,-0.012905329465866089,-0.015394777059555054,0.9824483394622803,1
13056,11.514808654785156,199.9658966064453,-131.91445922851562,26.97633171081543,153.7073974609375,193.81341552734375,2609.7318529926706,-96.10906896053348,765.7844176078215,1174.9556884765625,-20.26007652282715,-176.19869995117188,0.47918701171875,1.9170498847961426,0.0,41.851707458496094,110.25214385986328,236.503173828125,0.14735469222068787,-0.020935891196131706,-0.05024498701095581,0.9875847697257996,1
13057,22.490842819213867,199.66197204589844,-129.096923828125,35.910667419433594,154.36947631835938,192.58792114257812,1309.8240220773005,-36.26880932948552,336.23032647301443,1099.8759765625,79.3811264038086,-145.82655334472656,0.49320751428604126,1.9704458713531494,0.0,48.31404113769531,110.74063110351562,235.82029724121094,0.12131554633378983,-0.031231582164764404,-0.06535789370536804,0.989967405796051,1
13059,43.58634567260742,196.147705078125,-123.72542572021484,52.31092071533203,154.77947998046875,190.24612426757812,2520.1030330325884,-419.8200396511238,641.6878880654695,968.5632934570312,3.22452449798584,-131.92408752441406,0.5183203220367432,2.222320079803467,0.0,60.672882080078125,111.3126449584961,234.58204650878906,0.05708804354071617,-0.05798959732055664,-0.09633608162403107,0.9920169115066528,1
13061,59.84767532348633,195.08969116210938,-119.17568969726562,65.39192199707031,154.32444763183594,188.90464782714844,1941.9089753253502,-126.34678489645012,543.324156634917,775.5128173828125,-0.11956825852394104,-40.60832214355469,0.541710615158081,2.6933934688568115,0.0,71.00355529785156,110.42506408691406,233.62506103515625,0.05331313610076904,-0.05367860198020935,-0.11724356561899185,0.9902172684669495,1
13062,65.73626708984375,194.22767639160156,-118.5760498046875,70.61238098144531,153.84706115722656,189.01161193847656,703.0315096105915,-102.91485120076686,71.59024697728455,653.7545166015625,-56.5797233581543,13.354846954345703,0.5506895780563354,2.7445175647735596,0.0,75.24862670898438,109.80013275146484,233.8166961669922,0.05136178433895111,-0.0515722930431366,-0.1193714290857315,0.990178108215332,1
13065,76.10722351074219,192.95660400390625,-119.31441497802734,80.40657806396484,153.11444091796875,190.6891632080078,1236.3384797534673,-151.52659404615406,-88.02170589304296,316.7258605957031,-14.45566463470459,71.3731689453125,0.5580431818962097,2.7839019298553467,0.0,83.50798034667969,109.07432556152344,235.5623321533203,0.05661396682262421,-0.0553058385848999,-0.11398081481456757,0.9903254508972168,1
13067,78.3307113647461,193.3087615966797,-120.27491760253906,83.29280090332031,153.79246520996094,192.12448120117188,264.96730970358476,41.96571156475693,-114.4606191222556,171.30935668945312,56.278038024902344,77.4324951171875,0.5607399940490723,2.7858123779296875,0.0,85.98957061767578,110.10416412353516,237.23719787597656,0.058992672711610794,-0.05172106251120567,-0.11275430023670197,0.990520715713501,1
13068,78.51152038574219,193.84654235839844,-120.6637191772461,83.89331817626953,153.847900390625,192.43394470214844,21.542265347088687,64.07321827020496,-46.3232788030291,104.05484008789062,6.890533924102783,37.652652740478516,0.5646084547042847,2.7805538177490234,0.0,86.48283386230469,110.37027740478516,237.7526092529297,0.06938549131155014,-0.046821173280477524,-0.1132686510682106,0.9900321364402771,1
13070,78.08190155029297,194.5886688232422,-122.00149536132812,84.18888854980469,154.65760803222656,193.6232452392578,-51.227090197149664,88.49002002552152,-159.51437784126028,23.946613311767578,44.0872802734375,68.01310729980469,0.5590285658836365,2.7716684341430664,0.0,86.7130355834961,111.39913177490234,239.06594848632812,0.06970115005970001,-0.038441505283117294,-0.11790142953395844,0.9898298978805542,1
13072,77.34222412109375,195.3776397705078,-123.4686279296875,83.75910949707031,155.45993041992188,194.72535705566406,-88.15712077659555,94.03207985218614,-174.85754995141178,-1.2821121215820312,42.7467041015625,65.01592254638672,0.5576213002204895,2.7672767639160156,0.0,86.25410461425781,112.06509399414062,239.99435424804688,0.06994277983903885,-0.03683086857199669,-0.11701243370771408,0.9899795651435852,1
13074,76.52378845214844,195.95709228515625,-124.5040512084961,83.05931091308594,155.75135803222656,195.3619384765625,-97.7573801013641,69.21223240206018,-123.67528795846738,-12.25552749633789,14.282720565795898,25.70635223388672,0.5564299821853638,2.765148878097534,0.0,85.49330139160156,112.1659927368164,240.43161010742188,0.0737595483660698,-0.035485800355672836,-0.1153460443019867,0.9899472594261169,1
13075,76.1758804321289,196.4176788330078,-124.76948547363281,82.74679565429688,155.76100158691406,195.3377227783203,-41.44997098465683,54.874558635638095,-31.62399816949619,-4.410774230957031,1.3875994682312012,-2.214632272720337,0.5556869506835938,2.762657403945923,0.0,85.15615844726562,112.10874938964844,240.3365478515625,0.07885774224996567,-0.034953054040670395,-0.11415139585733414,0.9897117018699646,1
13078,75.77383422851562,196.90560913085938,-124.4311752319336,82.73683166503906,155.9771728515625,194.97935485839844,-48.023356484947726,58.281984565313905,40.41026427713223,41.87346649169922,7.808716297149658,-3.7027642726898193,0.5623782873153687,2.7642059326171875,0.0,85.06968688964844,111.9232406616211,239.5128173828125,0.07953356951475143,-0.029916910454630852,-0.11462244391441345,0.9897682070732117,1
13079,75.9820556640625,197.82225036621094,-124.78430938720703,82.90567016601562,156.08642578125,195.06288146972656,13.866534594737459,60.619716673740186,-17.492451548518147,52.34651184082031,13.299553871154785,10.592183113098145,0.5635719299316406,2.760047197341919,0.0,85.31742858886719,111.99270629882812,239.54347229003906,0.08607897907495499,-0.02948877029120922,-0.11386653780937195,0.9893205761909485,1
13081,76.20594024658203,198.7401123046875,-125.13790893554688,83.26219177246094,156.1380157470703,195.23011779785156,37.740630445070565,158.47894224117044,-66.91163048346061,55.23295211791992,9.680717468261719,9.198442459106445,0.5699756741523743,2.753375768661499,0.0,85.85711669921875,111.88549041748047,239.51776123046875,0.10269245505332947,-0.029021648690104485,-0.11093461513519287,0.9880817532539368,1
13083,76.74260711669922,200.4544677734375,-126.51022338867188,83.67830657958984,156.1217498779297,195.35519409179688,64.03629863937385,204.5607524588704,-163.7476487569511,52.593589782714844,-0.1681593656539917,0.7897659540176392,0.5838111042976379,2.7535593509674072,0.0,86.33990478515625,111.4429702758789,239.1619873046875,0.11530812084674835,-0.031112341210246086,-0.11284510791301727,0.9864086508750916,1
13085,77.56836700439453,200.5562744140625,-129.28904724121094,83.84201049804688,156.25146484375,195.42340087890625,98.6047346193809,12.156822983175516,-331.8218680957798,37.7985954284668,15.36019515991211,12.990544319152832,0.6060536503791809,2.75939679145813,0.0,86.55287170410156,111.10867309570312,238.52304077148438,0.10706142336130142,-0.04456937313079834,-0.12127288430929184,0.9858216643333435,1
13087,77.94232177734375,195.1999053955078,-135.31976318359375,83.84244537353516,157.2913055419922,196.65187072753906,44.65546433522832,-639.6258664864581,-720.15238248487,29.0694522857666,78.66634368896484,114.22262573242188,0.6022060513496399,2.801710844039917,0.04438789561390877,86.58246612548828,110.9783706665039,238.10806274414062,-0.030744832009077072,-0.07238060235977173,-0.13727715611457825,0.9874060750007629,1
13089,67.3594970703125,182.66102600097656,-154.06365966796875,84.42195892333984,158.9239501953125,200.64138793945312,-1263.3024150114506,-1496.802324442193,-2237.513173557818,61.310028076171875,59.83794403076172,254.85853576660156,0.5333699584007263,2.9405148029327393,0.9688993692398071,86.25003051757812,109.30950164794922,238.0831298828125,-0.49320441484451294,0.0019388495711609721,-0.08628547191619873,0.8656213879585266,1
